7.897864423904447762e+00
7.334138651079877391e+00
7.764413993931979618e+00
7.856295359586470184e+00
6.769742591410548016e+00
7.487947289782074023e+00
7.426773885287355270e+00
6.672595541075777348e+00
6.858844164824887457e+00
6.538591065953770709e+00
6.799602743128137838e+00
7.839721964541298327e+00
7.237494427955927456e+00
7.981293096351851801e+00
7.392924310336321803e+00
6.765581175417642257e+00
7.981278645360054824e+00
7.997408226691286259e+00
7.764899557944310082e+00
7.155270432906462474e+00
7.843811267503467910e+00
7.971450223466137963e+00
6.736896539581924692e+00
7.459075144437875338e+00
7.074018843951276558e+00
7.474766254548103284e+00
7.577488604810564965e+00
7.281165136582809616e+00
7.293834079722255836e+00
6.274353812515117035e+00
