2.837627107249459257e+01 1.141999999999999993e+01 6.129999999999999893e+00
1.890846598740012041e+01 1.167999999999999972e+01 1.328000000000000114e+01
1.823562577627024694e+01 8.980000000000000426e+00 5.540000000000000036e+00
2.159500052937135450e+01 7.000000000000000000e+00 5.389999999999999680e+00
1.273280841286920406e+01 9.179999999999999716e+00 1.322000000000000064e+01
1.939925215629041944e+01 5.740000000000000213e+00 1.939999999999999947e+00
3.143874127065870283e+01 4.910000000000000142e+00 4.600000000000000533e+00
1.897723561379302026e+01 5.910000000000000142e+00 6.110000000000000320e+00
1.911459643587857826e+01 5.940000000000000391e+00 8.449999999999999289e+00
1.208718198544118394e+01 5.950000000000000178e+00 2.300000000000000266e+00
1.867945025429058603e+01 5.139999999999999680e+00 4.580000000000000071e+00
2.326691574874204349e+01 6.969999999999999751e+00 7.700000000000000178e+00
1.585748898994554779e+01 5.049999999999999822e+00 1.729999999999999982e+00
3.195643111464259789e+01 9.790000000000000924e+00 8.240000000000000213e+00
2.819017471707525502e+01 1.455000000000000071e+01 1.104000000000000092e+01
1.121589042744003351e+01 5.450000000000000178e+00 2.700000000000000178e+00
2.152623959329677916e+01 8.009999999999999787e+00 2.589999999999999858e+00
2.667525140161068720e+01 8.330000000000000071e+00 9.560000000000000497e+00
2.221274722871608631e+01 8.449999999999999289e+00 9.390000000000000568e+00
1.500887887137324306e+01 5.759999999999999787e+00 1.709999999999999964e+00
1.845048729882402938e+01 5.270000000000000462e+00 2.439999999999999947e+00
1.209225603356860823e+01 1.326999999999999957e+01 1.121000000000000085e+01
1.451092575148006070e+01 5.929999999999999716e+00 6.580000000000000071e+00
2.839259880692580751e+01 1.346000000000000085e+01 1.266999999999999993e+01
1.227611538941216729e+01 6.200000000000000178e+00 4.690000000000000391e+00
1.736044051686930345e+01 6.100000000000000533e+00 2.189999999999999947e+00
1.437529083554199083e+01 6.560000000000000497e+00 7.890000000000000568e+00
7.920885095016913624e+00 6.900000000000000355e+00 1.660000000000000142e+00
2.910676426088180335e+01 5.940000000000000391e+00 3.240000000000000213e+00
1.890124719209223514e+01 5.179999999999999716e+00 4.250000000000000000e+00
