7.170949281435872180e+00
7.134992562559346219e+00
6.259771287228575787e+00
7.611266691878732615e+00
7.526073713725846659e+00
7.395124955503443509e+00
7.511758045116022409e+00
6.859616354647680936e+00
7.177230065142131465e+00
6.218852593546798424e+00
7.869012481065239761e+00
7.450709995815085307e+00
7.781613274090722676e+00
7.893836054305176653e+00
7.312247024967959419e+00
7.684927585137343087e+00
7.024174251515980849e+00
6.897280344604355129e+00
6.410991940121006927e+00
7.861425030272269687e+00
6.330276498528212059e+00
7.500129587798182840e+00
7.060858642570869037e+00
7.557979395473411799e+00
6.861511556243351073e+00
6.122809267305061809e+00
7.576153792852178270e+00
7.015231662191105499e+00
7.248420572645210669e+00
7.027485456371155514e+00
