1.879018996087180815e+00 2.180999999999999872e+01 1.903999999999999915e+01
8.174871624189739006e-01 1.031000000000000050e+01 6.390000000000000568e+00
1.266366119445685889e+00 5.520000000000000462e+00 1.560000000000000053e+00
2.867265124796693154e+00 1.825000000000000000e+01 1.098000000000000043e+01
1.606633077146055077e+00 1.426999999999999957e+01 6.719999999999999751e+00
7.018298804723344109e-01 8.380000000000000782e+00 8.259999999999999787e+00
1.546299813490898067e+00 2.576000000000000156e+01 2.123000000000000043e+01
1.507392251313369069e+00 1.063000000000000078e+01 5.129999999999999893e+00
2.738032250509229826e+00 8.050000000000000711e+00 5.690000000000000391e+00
8.110047565128484237e-01 5.230000000000000426e+00 6.500000000000000222e-01
9.110110581509213157e-01 9.179999999999999716e+00 4.030000000000000249e+00
8.707059933639398341e-01 8.130000000000000782e+00 2.680000000000000160e+00
1.488741032853631019e+00 1.434999999999999964e+01 1.580000000000000071e+01
4.071892277054879550e+00 2.294999999999999929e+01 1.017999999999999972e+01
1.036193795499338544e+00 1.259999999999999964e+01 7.600000000000000533e+00
2.203083614051184025e+00 1.646000000000000085e+01 8.189999999999999503e+00
4.636374927880544394e-01 9.759999999999999787e+00 6.190000000000000391e+00
7.545688228745904835e-01 5.790000000000000036e+00 3.250000000000000000e+00
8.974929310973065455e-01 6.629999999999999893e+00 4.830000000000000071e+00
1.822843682688407352e+00 1.199000000000000021e+01 1.770000000000000018e+00
1.470890238743129741e+00 5.469999999999999751e+00 1.590000000000000080e+00
2.218285880593394488e+00 1.133000000000000007e+01 8.640000000000000568e+00
7.597453201526520594e-01 1.637000000000000099e+01 4.400000000000000355e+00
1.810423280614404273e+00 2.508999999999999986e+01 1.524000000000000021e+01
1.588289140945649880e+00 9.630000000000000782e+00 6.810000000000000497e+00
1.290715793619533480e+00 7.219999999999999751e+00 6.049999999999999822e+00
1.642591897296196368e+00 1.278000000000000114e+01 1.249000000000000021e+01
1.592224146811211716e+00 1.441000000000000014e+01 6.620000000000000107e+00
1.757614909991591423e+00 2.617999999999999972e+01 1.521000000000000085e+01
2.718407970866683065e+00 5.919999999999999929e+00 2.830000000000000071e+00
