1.230081066463039718e+00
1.164626905641726662e+00
1.213447666948487713e+00
1.213091257647052723e+00
1.183870107165394092e+00
1.224306811885937707e+00
1.187733439876547115e+00
1.205313355050809943e+00
1.180315051799284642e+00
1.190631798342882464e+00
1.164689687458197120e+00
1.163289097845011888e+00
1.227119812022944290e+00
1.163465449352499848e+00
1.166287180114156774e+00
1.179498802782754208e+00
1.186330212566476083e+00
1.180610474907449303e+00
1.171646118381987511e+00
1.201077185577685391e+00
1.225369029525055886e+00
1.228903177235129762e+00
1.182592267654646090e+00
1.213550594632859747e+00
1.205817944263617214e+00
1.203598749227924980e+00
1.248657820518632722e+00
1.203024151381232310e+00
1.215137693356432624e+00
1.234013795726147000e+00
