1.416936510047203945e-01 2.229080178139733803e+01 1.900536873936495397e+01 2.731106794083663303e+01 -1.049872916389209099e+00 3.915982346771185174e-01
5.189197800365215330e-02 1.012008621731233582e+01 6.491074100724020468e+00 1.949033823004734245e+01 -4.795868743327146022e-02 3.363326789649434545e-01
9.570598085228625151e-02 5.507752189986786284e+00 1.910601423044669289e+00 2.936205958398362981e+01 -4.222037276095390590e-01 4.204012466415615323e-01
2.095911711062660443e-01 1.804484131563863869e+01 1.154074177190438988e+01 1.853672172848109767e+01 -8.403716625113570871e-01 2.529887800878799498e-01
1.194744472079029840e-01 1.416424251859652728e+01 7.007104702221190529e+00 6.247070832268891394e+01 -3.101727714548914785e-02 6.669226361791172342e-02
5.465575676937364097e-02 8.307966163420157812e+00 8.398974121307917429e+00 4.285219566743170816e+01 3.724317970006292833e-01 2.077214705887172885e-01
1.085361952379092915e-01 2.607608830101985475e+01 2.122867760596109576e+01 3.511620092670857218e+01 -2.313894800880539060e-01 1.769093732842068889e-01
1.075523547370884347e-01 1.022020999635149074e+01 5.012952372082172481e+00 3.418269053124464563e+01 -3.797511130582791328e-01 2.554004717841813488e-01
1.960591204528222831e-01 7.835986440685744014e+00 5.613771795983108603e+00 2.770245196379197239e+01 -9.570015979016055496e-02 4.310129075809757682e-01
5.466523546202303740e-02 5.160464269051347586e+00 5.168893612933431747e-01 5.825781371443152779e+01 -2.156217806212636645e-01 5.006286304279743415e-01
6.093593109906499106e-02 9.594653662151447548e+00 3.970125822319516384e+00 6.758914028593613921e+01 -1.527477868929069338e+00 5.226559817262085295e-01
6.343781867011702436e-02 8.151286745025393188e+00 2.616040499966130639e+00 4.710056921552477149e+01 -2.492647465308955035e-01 5.027355454018553882e-01
1.087992624728066626e-01 1.446051929392205793e+01 1.603443267366636249e+01 3.508932470015698613e+01 -1.319059106371277768e+00 4.458990933611098328e-01
2.744924189546799065e-01 2.269745924995088515e+01 1.034642751063409705e+01 3.826943863412581948e+01 1.475572142799093656e-01 1.517393642763455452e-01
7.174309794327307643e-02 1.280990383946864242e+01 7.628403977581419859e+00 3.102336936323916206e+01 -5.955624797706508128e-02 2.151560146178877475e-01
1.509530711696512040e-01 1.634147855027655538e+01 8.278070735659829538e+00 2.033349948860448819e+01 -1.964060828203667841e-01 4.983155935120192614e-01
3.298031002775335396e-02 9.676264799165792851e+00 5.878009583245423997e+00 4.232874574667653178e+01 -5.861265345164646812e-01 2.234749441507556944e-01
5.061631831688601785e-02 5.804309098500297637e+00 3.332835020556820016e+00 1.177991400200175498e+01 -1.179312443407235789e-01 2.262514291912564868e-01
6.764999159054670141e-02 6.658422858171503478e+00 4.849659843950158589e+00 4.152567045215896258e+01 -3.825690485757432535e-01 2.551361371630753716e-01
1.321483477422384645e-01 1.135960000000000036e+01 1.810067722241382571e+00 1.869898628166310317e+01 1.115006016982942744e-01 1.738218079432543584e-01
1.172319377101846000e-01 5.268755858835880268e+00 1.669403234475419051e+00 9.843493509770345895e+01 -1.182754934600612318e+00 2.518052043571478715e-01
1.533844157857366108e-01 1.193525155668412907e+01 8.764926177340633728e+00 2.737618119381140858e+01 -8.841129730283738830e-01 1.793233225243923423e-01
4.979087232267960517e-02 1.743502671633858014e+01 4.653586394627586387e+00 5.911947737965570582e+01 -6.358842295539103295e-01 2.902246426654392919e-01
1.340205160023374142e-01 2.549578689020822964e+01 1.545198083697039593e+01 1.909474385267428431e+01 2.386456999828315273e-02 1.873381373074966549e-01
1.162460728555226586e-01 9.755294218408437246e+00 6.811964579261438502e+00 3.371365940954664353e+01 3.371581522126426145e-01 7.133502590003930333e-02
9.180837468016367353e-02 7.094517071786838436e+00 6.142785212184782573e+00 2.171981703184243528e+01 -1.208724746729509025e+00 9.879549086640757039e-02
1.234061349485214287e-01 1.267533432071811106e+01 1.275950622264208612e+01 1.834735967685084290e+01 -1.396663321754709086e+00 2.457149683547056873e-01
1.170934657006150875e-01 1.456725115044476482e+01 6.423098493697191991e+00 3.978843966189633363e+01 3.006810491801327756e-01 1.180345334495885440e-01
1.277195280422275814e-01 2.611511505140129330e+01 1.578697808939168823e+01 4.103736502526609797e+01 -1.677186277001593839e-02 3.231062795484688777e-01
2.041785996881643472e-01 6.022870000000000168e+00 2.742314137812373431e+00 2.599125458173683967e+01 -1.065547233428083995e+00 5.825306012066254757e-01
