1.385268063165375096e+01 7.063141852894823103e-01 7.178776125259256347e-01 1.762481989458465070e-01 1.052958925777125243e+00 6.957999999999997520e+00
9.741181663182370443e+00 4.834790237680545721e-01 2.523691318029279151e-01 1.762481989458466458e-01 1.075213001109894151e+00 6.958000000000002849e+00
1.142753509683275759e+01 6.179541292612601433e-01 9.399980927654244534e-01 1.762481989458466181e-01 1.151544652770640331e+00 6.958000000000001961e+00
1.441438546014453337e+01 5.381598515174425001e-01 5.509046259546612062e-02 1.762481989458465903e-01 1.029713655344732581e+00 6.958000000000001073e+00
1.033876214611586164e+01 3.374355754791829032e-01 9.545764591319676196e-02 1.762481989458466181e-01 1.185769132793555114e+00 6.958000000000001961e+00
1.952718444724485991e+01 7.917691579467870389e-01 4.405552401036747501e-01 1.762481989458464238e-01 1.008029379759266320e+00 6.957999999999994856e+00
1.623250603013737958e+01 1.105647122527709358e+00 1.055245396347760156e+00 1.762481989458466736e-01 1.027687358847583443e+00 6.958000000000004626e+00
1.225913197012598488e+01 4.104367950425750200e-01 3.453785453992682664e-01 1.762481989458465070e-01 1.182345433155495673e+00 6.957999999999997520e+00
1.406809638345317204e+01 2.892185700834231654e-01 1.677076509489049960e-01 1.762481989458468401e-01 1.069390654695440590e+00 6.958000000000010843e+00
1.166776548151071857e+01 3.947488332535208921e-01 3.545552883945436995e-01 1.762481989458465348e-01 1.016567653182945730e+00 6.957999999999998408e+00
1.581843913040727401e+01 5.193348512682145479e-01 4.480236222729587214e-01 1.762481989458467846e-01 1.186181489657087917e+00 6.958000000000009067e+00
1.565311686445730288e+01 3.923040531710293988e-01 8.798779712095944339e-02 1.762481989458464793e-01 1.192410074186615487e+00 6.957999999999996632e+00
1.674788697952527983e+01 3.883077773252076037e-01 7.941531958884912035e-02 1.762481989458468679e-01 1.247982012771594817e+00 6.958000000000011731e+00
1.742717714106331073e+01 5.120445464508992517e-01 3.581475803267014646e-01 1.762481989458465348e-01 1.212055178722239779e+00 6.957999999999998408e+00
1.278902035880010146e+01 7.104757185238415040e-01 8.513718668648773136e-01 1.762481989458463405e-01 1.084301766035855152e+00 6.957999999999991303e+00
1.008653367824935643e+01 6.702988443651012318e-01 1.864943327226954994e-01 1.762481989458464238e-01 1.185771845260778834e+00 6.957999999999994856e+00
1.341027579381829149e+01 5.076888038780483781e-01 3.362483826322901215e-01 1.762481989458467013e-01 1.166819073468861268e+00 6.958000000000005514e+00
1.515250714289465606e+01 7.667731824899012283e-01 5.469797514166261365e-01 1.762481989458466181e-01 1.150841792523019436e+00 6.958000000000001961e+00
1.605132484479514687e+01 5.121682971393254347e-01 4.010661796027075732e-01 1.762481989458461462e-01 1.033867136362261796e+00 6.957999999999983309e+00
1.605311979878142736e+01 6.787231516755118932e-01 2.740442511214373766e-01 1.762481989458463960e-01 1.192331111008492872e+00 6.957999999999993079e+00
1.451963495454035602e+01 4.972861394963961068e-01 3.137834573163088003e-01 1.762481989458468123e-01 1.223557860350905857e+00 6.958000000000009955e+00
8.258717502440376279e+00 3.846956188625272888e-01 1.557546768910738344e-01 1.762481989458467291e-01 1.136274602309349069e+00 6.958000000000006402e+00
1.412265479504387500e+01 8.836620350429049697e-01 1.136512835750129069e+00 1.762481989458466458e-01 9.654743986746061601e-01 6.958000000000002849e+00
1.180519558993501761e+01 1.233891692050976374e+00 1.221168561585865397e+00 1.762481989458465625e-01 1.180216554018754138e+00 6.958000000000000185e+00
1.415718097108315021e+01 3.473368882084861831e-01 5.016590300095589983e-02 1.762481989458465070e-01 1.064589919992442457e+00 6.957999999999997520e+00
1.266750231072913024e+01 6.355873604968333979e-01 2.906475410499192447e-01 1.762481989458464238e-01 1.103086131321142638e+00 6.957999999999994856e+00
1.428931540556948043e+01 3.728951531615823933e-01 3.760819941382436693e-01 1.762481989458467013e-01 1.073093157516063378e+00 6.958000000000005514e+00
9.041280915838541432e+00 5.234114418979632921e-01 1.649139545376128446e-01 1.762481989458463960e-01 1.027022458006909167e+00 6.957999999999993079e+00
1.567322527795307430e+01 7.558397390560060991e-01 2.463976930398642518e-02 1.762481989458465903e-01 1.325298233229901701e+00 6.958000000000001073e+00
1.866851352742583003e+01 6.387423151277279443e-01 2.491277697370888888e-01 1.762481989458464238e-01 1.117428102412116431e+00 6.957999999999994856e+00
