2.793222182353359995e-03 2.830184250540919520e-03 1.737603768327979472e-03 3.597955864389434932e-01 1.388737700611548109e-01 1.506902261615202243e-01 1.721364315403881018e-01 8.095677908288246964e-07
2.952235937335417285e-03 3.156627108943539043e-03 2.107960895593147255e-03 3.375339405252976710e-01 1.760014511474063126e-01 1.679809075646334637e-01 1.868405521977681560e-01 4.133039457851757643e-07
1.053251591110154371e-03 1.186027958238561070e-03 8.163601450766173016e-04 9.439278416786339720e-02 4.972026914932090036e-02 5.683396566704107533e-02 7.257854619010198349e-02 8.698824742770312399e-05
1.474836839290068636e-03 1.403423149128515306e-03 7.888182118515674798e-04 8.532752461082206141e-02 5.043066273954611989e-02 6.989741209431217517e-02 6.742714937956581500e-02 1.165994394914008861e-04
1.317440864161116814e-03 1.384807049999816622e-03 9.922865059662389509e-04 2.314813837605332048e-01 1.239409492092239801e-01 1.017780108506330522e-01 9.805051829181181400e-02 1.658487385204002764e-06
1.972353971326730460e-03 2.161591368793981064e-03 1.373839872437150915e-03 2.260053380911773990e-01 1.078246689961890881e-01 9.095762203523476142e-02 1.217057845484352391e-01 3.077787483831709706e-06
2.035197088476987763e-03 1.923272560908654335e-03 1.288847217973533403e-03 1.859265529642335768e-01 1.235940245788599567e-01 1.233375069042660505e-01 1.354090852663461242e-01 1.294129290321168313e-05
2.113514449382958727e-03 1.976935823684394539e-03 1.270202741956205248e-03 1.973107176483279157e-01 9.292569825127387773e-02 9.143463018897346473e-02 1.130635606210619454e-01 4.457947333897760000e-05
1.876895769665654079e-03 1.962481374343120599e-03 1.403369620119844811e-03 1.850137580853041530e-01 1.316782684800319458e-01 1.301464048797992545e-01 1.322770558733566415e-01 5.342987098083573058e-07
2.520782574326108430e-03 2.757115774499762154e-03 1.637617716638269409e-03 1.882470079662318663e-01 1.110687402465802970e-01 9.859198718379245940e-02 1.327006194987392362e-01 4.399038363808804418e-07
2.851111669276611485e-03 2.758839212015260726e-03 1.620346246367510099e-03 1.798155897036644024e-01 1.083041442962927592e-01 1.390375828297974459e-01 1.488030365593206450e-01 4.101348148412782634e-06
4.845089589384553655e-03 4.704870810167817267e-03 2.807447600052317103e-03 3.848544668273631841e-01 1.895524163357119873e-01 2.515848728270893009e-01 2.578663727997831945e-01 5.071742786676154280e-06
1.027010951709354108e-02 9.917620307490299103e-03 5.566312887522935696e-03 6.277341327422235606e-01 4.148894125737342953e-01 4.585041860133237668e-01 5.033667683629606815e-01 1.144053460451240469e-04
6.992740546049281206e-03 7.222995563058136857e-03 4.359626213545537282e-03 4.809117618477780631e-01 2.749038922415349417e-01 3.495918623419252413e-01 3.905737843381196228e-01 1.886930576353493578e-05
5.174292451159488715e-03 5.310464110337463975e-03 3.098122933154563198e-03 2.115566175069090726e-01 1.723962518512585085e-01 2.032687774571469430e-01 2.506869627191719019e-01 6.095859535543514586e-05
5.861055167313208858e-03 5.829153335753520584e-03 3.284659893051348253e-03 3.592661348023938883e-01 2.172713615139857390e-01 2.386392274576241423e-01 2.854878928118796955e-01 9.923155613915097921e-05
