-4.084172248840332031e+00 -3.971462488174438477e+00 -4.472268581390380859e+00
-4.001014709472656250e+00 -4.179160594940185547e+00 -4.798539638519287109e+00
-3.492539644241333008e+00 -3.777890443801879883e+00 -4.448760986328125000e+00
-4.097035408020019531e+00 -4.113013267517089844e+00 -4.647805690765380859e+00
-3.502693414688110352e+00 -3.759292602539062500e+00 -4.419730663299560547e+00
-4.155164718627929688e+00 -4.193835258483886719e+00 -4.863608837127685547e+00
-4.022993087768554688e+00 -4.158585548400878906e+00 -4.719592571258544922e+00
-4.257011413574218750e+00 -4.132347106933593750e+00 -4.672683238983154297e+00
-4.178048133850097656e+00 -4.215124130249023438e+00 -4.677222728729248047e+00
-3.405151367187500000e+00 -3.612858533859252930e+00 -4.274263858795166016e+00
-4.003123283386230469e+00 -4.150961399078369141e+00 -4.829261302947998047e+00
-4.311848640441894531e+00 -4.115808486938476562e+00 -4.604959011077880859e+00
-4.205374717712402344e+00 -4.095531463623046875e+00 -4.610003948211669922e+00
-3.678998231887817383e+00 -3.890921354293823242e+00 -4.557430744171142578e+00
-3.633677721023559570e+00 -3.902694940567016602e+00 -4.509465694427490234e+00
-4.131327629089355469e+00 -3.991918802261352539e+00 -4.550002574920654297e+00
-3.993724107742309570e+00 -4.186442375183105469e+00 -4.782590389251708984e+00
-4.206130027770996094e+00 -4.156652450561523438e+00 -4.669613361358642578e+00
-4.168019294738769531e+00 -4.229825973510742188e+00 -4.699796199798583984e+00
-4.293555259704589844e+00 -4.123450279235839844e+00 -4.657754421234130859e+00
-4.095629692077636719e+00 -4.218750953674316406e+00 -4.768607616424560547e+00
-4.061582565307617188e+00 -4.121985435485839844e+00 -4.794803619384765625e+00
-3.609811782836914062e+00 -3.936095714569091797e+00 -4.542606353759765625e+00
-3.989445924758911133e+00 -4.106452941894531250e+00 -4.853110790252685547e+00
-4.042195320129394531e+00 -4.222107887268066406e+00 -4.826526165008544922e+00
-3.664471864700317383e+00 -3.836236238479614258e+00 -4.483468532562255859e+00
-3.811097383499145508e+00 -4.003447532653808594e+00 -4.559151172637939453e+00
-4.263220787048339844e+00 -4.138984680175781250e+00 -4.759498119354248047e+00
-3.643093824386596680e+00 -3.955520391464233398e+00 -4.561854839324951172e+00
-4.020066261291503906e+00 -4.127270698547363281e+00 -4.752429485321044922e+00
-4.254090309143066406e+00 -4.130208015441894531e+00 -4.618968486785888672e+00
-3.958117723464965820e+00 -4.035339355468750000e+00 -4.731483936309814453e+00
-3.664895296096801758e+00 -3.845546960830688477e+00 -4.267505168914794922e+00
-3.925635576248168945e+00 -4.064700126647949219e+00 -4.597562313079833984e+00
-3.865325212478637695e+00 -3.982045412063598633e+00 -4.409301280975341797e+00
-4.110756874084472656e+00 -4.254392623901367188e+00 -4.795533657073974609e+00
-4.290791511535644531e+00 -4.212071418762207031e+00 -4.813597202301025391e+00
-4.204936027526855469e+00 -4.115541458129882812e+00 -4.608821392059326172e+00
-3.855777025222778320e+00 -4.025102615356445312e+00 -4.572834491729736328e+00
-4.307652473449707031e+00 -4.144984245300292969e+00 -4.595098495483398438e+00
-4.194664955139160156e+00 -4.203482627868652344e+00 -4.766692638397216797e+00
-4.313838481903076172e+00 -4.268763542175292969e+00 -4.933053493499755859e+00
-3.646657228469848633e+00 -3.829289674758911133e+00 -4.475034236907958984e+00
-3.376332521438598633e+00 -3.583256244659423828e+00 -4.203802108764648438e+00
-4.029414176940917969e+00 -4.127018928527832031e+00 -4.816563129425048828e+00
-3.953463792800903320e+00 -4.092683792114257812e+00 -4.704532146453857422e+00
-4.275205612182617188e+00 -4.301239967346191406e+00 -4.883274078369140625e+00
-4.313904762268066406e+00 -4.185029983520507812e+00 -4.679164409637451172e+00
-4.238005638122558594e+00 -4.170421600341796875e+00 -4.788711071014404297e+00
-3.732935190200805664e+00 -3.896344423294067383e+00 -4.310721874237060547e+00
-3.386664867401123047e+00 -3.595140695571899414e+00 -4.246478557586669922e+00
-4.352913856506347656e+00 -4.182119369506835938e+00 -4.688624858856201172e+00
-3.870217561721801758e+00 -4.094813346862792969e+00 -4.665672302246093750e+00
-4.318062782287597656e+00 -4.163172721862792969e+00 -4.663960933685302734e+00
-4.161870002746582031e+00 -4.012736320495605469e+00 -4.579902172088623047e+00
-4.054245948791503906e+00 -3.967054605484008789e+00 -4.481442928314208984e+00
-4.081933021545410156e+00 -4.328358650207519531e+00 -4.817227840423583984e+00
-4.215271949768066406e+00 -4.296778678894042969e+00 -4.717206478118896484e+00
-4.175965309143066406e+00 -4.121107101440429688e+00 -4.604778766632080078e+00
-3.913793802261352539e+00 -3.975794315338134766e+00 -4.642202854156494141e+00
-3.955662012100219727e+00 -4.125657081604003906e+00 -4.664163112640380859e+00
-3.964322328567504883e+00 -4.130348205566406250e+00 -4.657990932464599609e+00
-3.568410158157348633e+00 -3.746819734573364258e+00 -4.398108959197998047e+00
-4.129872322082519531e+00 -4.226954460144042969e+00 -4.922143459320068359e+00
-3.988774538040161133e+00 -4.093270301818847656e+00 -4.831672191619873047e+00
-4.156172752380371094e+00 -4.279910087585449219e+00 -4.746907711029052734e+00
-3.792702913284301758e+00 -4.064459800720214844e+00 -4.725364208221435547e+00
-3.514628648757934570e+00 -3.810734033584594727e+00 -4.467432498931884766e+00
-4.033452033996582031e+00 -4.169520378112792969e+00 -4.931304454803466797e+00
-3.976433992385864258e+00 -4.202692985534667969e+00 -4.837117671966552734e+00
-4.225372314453125000e+00 -4.226855278015136719e+00 -4.754672527313232422e+00
-4.106232643127441406e+00 -4.133669853210449219e+00 -4.695634365081787109e+00
-3.514325380325317383e+00 -3.748957872390747070e+00 -4.330268383026123047e+00
-3.733489274978637695e+00 -3.995290040969848633e+00 -4.667371273040771484e+00
-4.096491813659667969e+00 -4.212794303894042969e+00 -4.811866283416748047e+00
-3.374817609786987305e+00 -3.576154470443725586e+00 -4.220824718475341797e+00
-4.333941459655761719e+00 -4.160656929016113281e+00 -4.692122936248779297e+00
-3.826859712600708008e+00 -3.954524278640747070e+00 -4.691365718841552734e+00
-3.423774003982543945e+00 -3.658433914184570312e+00 -4.296193599700927734e+00
-3.660031557083129883e+00 -3.822232484817504883e+00 -4.539500713348388672e+00
-4.088042259216308594e+00 -4.257884979248046875e+00 -4.803120136260986328e+00
-4.114062309265136719e+00 -4.128074645996093750e+00 -4.586684703826904297e+00
-4.143641471862792969e+00 -4.238406181335449219e+00 -4.719714641571044922e+00
-4.126523017883300781e+00 -4.236603260040283203e+00 -4.720490932464599609e+00
-4.254142761230468750e+00 -4.313617706298828125e+00 -4.915915966033935547e+00
-4.208610534667968750e+00 -4.219278335571289062e+00 -4.747535228729248047e+00
-4.104268074035644531e+00 -4.200624465942382812e+00 -4.784026622772216797e+00
-4.390210151672363281e+00 -4.164170265197753906e+00 -4.656615734100341797e+00
-4.046001911163330078e+00 -4.161637306213378906e+00 -4.714993953704833984e+00
-4.172120094299316406e+00 -4.164617538452148438e+00 -4.621472835540771484e+00
-4.218269348144531250e+00 -4.318897247314453125e+00 -5.003333568572998047e+00
-3.615289449691772461e+00 -3.939813375473022461e+00 -4.543166637420654297e+00
-4.388669013977050781e+00 -4.272852897644042969e+00 -4.718698024749755859e+00
-3.412035226821899414e+00 -3.645244359970092773e+00 -4.254509449005126953e+00
-3.900006294250488281e+00 -4.030326366424560547e+00 -4.690949916839599609e+00
-3.465960025787353516e+00 -3.674265384674072266e+00 -4.338529109954833984e+00
-3.615540742874145508e+00 -3.820578813552856445e+00 -4.469918727874755859e+00
-3.923902750015258789e+00 -4.063744544982910156e+00 -4.648849010467529297e+00
-3.593788862228393555e+00 -3.920667648315429688e+00 -4.537312030792236328e+00
-4.054053306579589844e+00 -4.132918357849121094e+00 -4.712344646453857422e+00
-4.095838546752929688e+00 -4.188386440277099609e+00 -4.850607395172119141e+00
-3.875387430191040039e+00 -4.101295471191406250e+00 -4.656767368316650391e+00
-4.133644580841064453e+00 -4.189195632934570312e+00 -4.725875377655029297e+00
-3.887641191482543945e+00 -4.081906318664550781e+00 -4.748916149139404297e+00
-3.573968172073364258e+00 -3.898532390594482422e+00 -4.537478923797607422e+00
-4.102723121643066406e+00 -4.213126182556152344e+00 -4.822024822235107422e+00
-4.121225357055664062e+00 -4.194746017456054688e+00 -4.808982372283935547e+00
-3.366100072860717773e+00 -3.572227716445922852e+00 -4.188878536224365234e+00
-4.205187797546386719e+00 -4.203328132629394531e+00 -4.855622768402099609e+00
-4.233460426330566406e+00 -4.246309280395507812e+00 -4.820542812347412109e+00
-4.019558906555175781e+00 -4.261610031127929688e+00 -4.742867946624755859e+00
-4.246126174926757812e+00 -4.236951828002929688e+00 -4.765853404998779297e+00
-4.040769577026367188e+00 -4.184789657592773438e+00 -4.765174388885498047e+00
-4.294455528259277344e+00 -4.157998085021972656e+00 -4.728187084197998047e+00
-3.531560182571411133e+00 -3.769215822219848633e+00 -4.496242046356201172e+00
-4.400288581848144531e+00 -4.199353218078613281e+00 -4.717282772064208984e+00
-3.437796115875244141e+00 -3.647071599960327148e+00 -4.286793708801269531e+00
-3.577277421951293945e+00 -3.810643434524536133e+00 -4.473573207855224609e+00
-4.027440071105957031e+00 -4.114154815673828125e+00 -4.706023693084716797e+00
-4.039254188537597656e+00 -4.094798088073730469e+00 -4.551465511322021484e+00
-3.470313310623168945e+00 -3.747973680496215820e+00 -4.372121334075927734e+00
-4.165594577789306641e+00 -4.187049865722656250e+00 -4.764209270477294922e+00
-4.254855155944824219e+00 -4.113612174987792969e+00 -4.636218547821044922e+00
-3.465089321136474609e+00 -3.673750162124633789e+00 -4.330388069152832031e+00
-4.217108726501464844e+00 -4.117925643920898438e+00 -4.589892864227294922e+00
-4.172548294067382812e+00 -4.221783638000488281e+00 -4.794372081756591797e+00
-3.537898302078247070e+00 -3.830746889114379883e+00 -4.449999332427978516e+00
-3.841124773025512695e+00 -4.032887458801269531e+00 -4.722199916839599609e+00
-3.889978170394897461e+00 -4.049000740051269531e+00 -4.693238735198974609e+00
-4.112273216247558594e+00 -4.342933654785156250e+00 -4.823951244354248047e+00
-3.682786226272583008e+00 -3.808137178421020508e+00 -4.512273311614990234e+00
-3.948306322097778320e+00 -4.124336242675781250e+00 -4.676926612854003906e+00
-3.514144182205200195e+00 -3.755774021148681641e+00 -4.429748058319091797e+00
-4.004671096801757812e+00 -4.143528938293457031e+00 -4.739699840545654297e+00
-4.106951713562011719e+00 -4.244476318359375000e+00 -4.771946907043457031e+00
-4.077630043029785156e+00 -4.221907615661621094e+00 -4.938977718353271484e+00
-4.132093429565429688e+00 -4.126910686492919922e+00 -4.730742931365966797e+00
-3.980811357498168945e+00 -4.170691490173339844e+00 -4.761199474334716797e+00
-3.659407854080200195e+00 -3.937577486038208008e+00 -4.564700603485107422e+00
-3.368474721908569336e+00 -3.577298879623413086e+00 -4.183703899383544922e+00
-4.253246307373046875e+00 -4.209822654724121094e+00 -4.659826278686523438e+00
-4.254388809204101562e+00 -4.318983078002929688e+00 -4.851928234100341797e+00
-4.188540458679199219e+00 -4.031941413879394531e+00 -4.618842601776123047e+00
-3.661326646804809570e+00 -3.945746660232543945e+00 -4.553639888763427734e+00
-3.613031625747680664e+00 -3.938355922698974609e+00 -4.472405910491943359e+00
-4.085764884948730469e+00 -4.237822055816650391e+00 -4.791949748992919922e+00
-4.074946403503417969e+00 -4.210510253906250000e+00 -4.767165660858154297e+00
-4.256264686584472656e+00 -4.085094451904296875e+00 -4.555726528167724609e+00
-4.178371429443359375e+00 -4.135333061218261719e+00 -4.655551433563232422e+00
-4.156385421752929688e+00 -4.087596893310546875e+00 -4.643026828765869141e+00
-3.989552736282348633e+00 -4.141196250915527344e+00 -4.692042827606201172e+00
-4.086628913879394531e+00 -4.255937099456787109e+00 -4.801146984100341797e+00
-3.750787019729614258e+00 -4.031821250915527344e+00 -4.670585155487060547e+00
-4.163170814514160156e+00 -4.232520103454589844e+00 -4.720080852508544922e+00
-4.118561744689941406e+00 -4.213624954223632812e+00 -4.757639408111572266e+00
-4.079830169677734375e+00 -4.223282814025878906e+00 -4.902222156524658203e+00
-3.615247011184692383e+00 -3.897823572158813477e+00 -4.492919445037841797e+00
-4.031826972961425781e+00 -4.188485145568847656e+00 -4.714116573333740234e+00
-3.922574281692504883e+00 -4.033771514892578125e+00 -4.728784084320068359e+00
-3.703462839126586914e+00 -3.875558137893676758e+00 -4.287814617156982422e+00
-4.178284645080566406e+00 -4.138749122619628906e+00 -4.633924961090087891e+00
-4.200124740600585938e+00 -4.277259826660156250e+00 -4.836994647979736328e+00
-4.104302406311035156e+00 -4.168416976928710938e+00 -4.707953929901123047e+00
-3.911179780960083008e+00 -4.014149665832519531e+00 -4.440200328826904297e+00
-4.002299308776855469e+00 -4.035093307495117188e+00 -4.700257778167724609e+00
-3.604557275772094727e+00 -3.928174495697021484e+00 -4.546068668365478516e+00
-4.070059776306152344e+00 -4.243382453918457031e+00 -4.881003856658935547e+00
-4.249749183654785156e+00 -4.109230041503906250e+00 -4.577945232391357422e+00
-4.104195594787597656e+00 -4.128223419189453125e+00 -4.793376445770263672e+00
-4.430996894836425781e+00 -4.195212364196777344e+00 -4.669203281402587891e+00
-3.897080659866333008e+00 -4.064963340759277344e+00 -4.747939586639404297e+00
-4.114395141601562500e+00 -4.219255447387695312e+00 -4.820495128631591797e+00
-3.957673311233520508e+00 -4.103643417358398438e+00 -4.686755657196044922e+00
-4.353070259094238281e+00 -4.183768272399902344e+00 -4.665759563446044922e+00
-3.586170434951782227e+00 -3.913456439971923828e+00 -4.537868976593017578e+00
-3.358705997467041016e+00 -3.572540521621704102e+00 -4.208141326904296875e+00
-3.896414995193481445e+00 -3.998250246047973633e+00 -4.713767528533935547e+00
-3.734492540359497070e+00 -3.946109294891357422e+00 -4.158946514129638672e+00
-4.351048469543457031e+00 -4.235022544860839844e+00 -4.696238994598388672e+00
-3.786135911941528320e+00 -4.019879341125488281e+00 -4.635258674621582031e+00
-4.164793968200683594e+00 -4.373880386352539062e+00 -4.880462169647216797e+00
-4.046467781066894531e+00 -4.125528335571289062e+00 -4.717557430267333984e+00
-4.149622917175292969e+00 -4.271231651306152344e+00 -4.741963863372802734e+00
-3.510940790176391602e+00 -3.750975370407104492e+00 -4.425002574920654297e+00
-3.901774644851684570e+00 -4.043712615966796875e+00 -4.456696033477783203e+00
-4.402318954467773438e+00 -4.271774768829345703e+00 -4.872081279754638672e+00
-4.255515575408935547e+00 -4.240483283996582031e+00 -4.773482799530029297e+00
-3.595856904983520508e+00 -3.820192575454711914e+00 -4.484973430633544922e+00
-4.152602195739746094e+00 -4.147731781005859375e+00 -4.748035430908203125e+00
-4.100415229797363281e+00 -3.979067087173461914e+00 -4.523467540740966797e+00
-4.176669120788574219e+00 -4.297436714172363281e+00 -4.782601833343505859e+00
-4.356570243835449219e+00 -4.317023277282714844e+00 -4.818797588348388672e+00
-3.950482606887817383e+00 -4.063623428344726562e+00 -4.747798442840576172e+00
-3.812718629837036133e+00 -4.002642631530761719e+00 -4.536216259002685547e+00
-4.195991039276123047e+00 -4.173179626464843750e+00 -4.838513851165771484e+00
-3.843850374221801758e+00 -4.108365058898925781e+00 -4.770156383514404297e+00
-4.225790977478027344e+00 -4.131132125854492188e+00 -4.639242649078369141e+00
-4.166119575500488281e+00 -4.375912666320800781e+00 -4.877086162567138672e+00
-3.818301439285278320e+00 -3.995980501174926758e+00 -4.717492580413818359e+00
-3.831835508346557617e+00 -4.031662940979003906e+00 -4.698923587799072266e+00
-3.809996843338012695e+00 -4.005301475524902344e+00 -4.721729755401611328e+00
-4.198491096496582031e+00 -4.162504196166992188e+00 -4.636920452117919922e+00
-3.919033288955688477e+00 -3.985163688659667969e+00 -4.651738643646240234e+00
-3.870279550552368164e+00 -3.963859558105468750e+00 -4.566155910491943359e+00
-3.888418436050415039e+00 -4.106936454772949219e+00 -4.768543720245361328e+00
-4.172177314758300781e+00 -4.045760154724121094e+00 -4.583589076995849609e+00
-4.270071983337402344e+00 -4.139758110046386719e+00 -4.724304676055908203e+00
-4.015988349914550781e+00 -4.003561019897460938e+00 -4.494927883148193359e+00
-3.884988069534301758e+00 -4.049633979797363281e+00 -4.731875896453857422e+00
-4.168538093566894531e+00 -4.200217247009277344e+00 -4.730910778045654297e+00
-3.564419031143188477e+00 -3.764995813369750977e+00 -4.156230449676513672e+00
-4.366284370422363281e+00 -4.153501510620117188e+00 -4.619687557220458984e+00
-3.668659448623657227e+00 -3.853924036026000977e+00 -4.251010417938232422e+00
-4.164408683776855469e+00 -4.143208503723144531e+00 -4.639741420745849609e+00
-3.877683401107788086e+00 -4.063141822814941406e+00 -4.566279888153076172e+00
-3.834628343582153320e+00 -3.966401815414428711e+00 -4.387717723846435547e+00
-3.743927240371704102e+00 -3.956382036209106445e+00 -4.628258705139160156e+00
-4.249997138977050781e+00 -4.154472351074218750e+00 -4.691081523895263672e+00
-4.106681346893310547e+00 -4.170434951782226562e+00 -4.725364208221435547e+00
-3.963943719863891602e+00 -4.107878208160400391e+00 -4.826721668243408203e+00
-3.784362077713012695e+00 -3.997166872024536133e+00 -4.720409870147705078e+00
-3.848344087600708008e+00 -4.103075981140136719e+00 -4.794076442718505859e+00
-3.575320482254028320e+00 -3.735839128494262695e+00 -4.378821849822998047e+00
-4.156029701232910156e+00 -4.196718215942382812e+00 -4.767669200897216797e+00
-4.000256538391113281e+00 -4.126935482025146484e+00 -4.810618877410888672e+00
-4.259612083435058594e+00 -4.148203849792480469e+00 -4.675904750823974609e+00
-4.107564926147460938e+00 -4.099037170410156250e+00 -4.729788780212402344e+00
-4.264958381652832031e+00 -4.159550666809082031e+00 -4.659444332122802734e+00
-4.025720119476318359e+00 -4.085240364074707031e+00 -4.716596126556396484e+00
-3.902644395828247070e+00 -4.015309333801269531e+00 -4.726497173309326172e+00
-4.219750404357910156e+00 -4.030595779418945312e+00 -4.536427974700927734e+00
-4.222788810729980469e+00 -4.065242767333984375e+00 -4.566266536712646484e+00
-4.204552650451660156e+00 -4.104734420776367188e+00 -4.591451168060302734e+00
-3.975200891494750977e+00 -4.163608551025390625e+00 -4.795293331146240234e+00
-4.162037849426269531e+00 -4.375588417053222656e+00 -4.877917766571044922e+00
-3.980078935623168945e+00 -4.098855018615722656e+00 -4.624383449554443359e+00
-3.666628599166870117e+00 -3.972970724105834961e+00 -4.523602008819580078e+00
-4.155676841735839844e+00 -4.159960746765136719e+00 -4.785026073455810547e+00
-3.610823392868041992e+00 -3.936449527740478516e+00 -4.542355060577392578e+00
-4.260416984558105469e+00 -4.139859199523925781e+00 -4.628802776336669922e+00
-3.907132387161254883e+00 -4.069322586059570312e+00 -4.772702693939208984e+00
-3.387332439422607422e+00 -3.610255002975463867e+00 -4.259997844696044922e+00
-4.328015327453613281e+00 -4.209675788879394531e+00 -4.672950267791748047e+00
-3.857360124588012695e+00 -4.046277046203613281e+00 -4.571361064910888672e+00
-4.055359840393066406e+00 -4.296314239501953125e+00 -4.788999080657958984e+00
-3.917264223098754883e+00 -4.099377632141113281e+00 -4.786357402801513672e+00
-4.228541374206542969e+00 -4.197153568267822266e+00 -4.866189002990722656e+00
-3.345346689224243164e+00 -3.542533636093139648e+00 -4.170023441314697266e+00
-3.973389863967895508e+00 -4.105844497680664062e+00 -4.698050975799560547e+00
-4.132187843322753906e+00 -4.205493927001953125e+00 -4.841182231903076172e+00
-3.822854280471801758e+00 -4.004382133483886719e+00 -4.720623493194580078e+00
-3.936110734939575195e+00 -4.147033214569091797e+00 -4.753875255584716797e+00
-4.147540092468261719e+00 -4.174282073974609375e+00 -4.606708049774169922e+00
-4.118017196655273438e+00 -4.134384155273437500e+00 -4.785659313201904297e+00
-4.047155857086181641e+00 -4.113174438476562500e+00 -4.709935665130615234e+00
-3.405345678329467773e+00 -3.611937046051025391e+00 -4.251782894134521484e+00
-3.519435167312622070e+00 -3.771003484725952148e+00 -4.438573360443115234e+00
-3.585519075393676758e+00 -3.866776704788208008e+00 -4.540558338165283203e+00
-3.948172807693481445e+00 -4.128900527954101562e+00 -4.629575252532958984e+00
-4.200661659240722656e+00 -4.047762870788574219e+00 -4.607690334320068359e+00
-4.174851417541503906e+00 -4.058593750000000000e+00 -4.502359867095947266e+00
-4.097041130065917969e+00 -4.147084236145019531e+00 -4.665183544158935547e+00
-3.450827121734619141e+00 -3.658201217651367188e+00 -4.334567546844482422e+00
-3.989362001419067383e+00 -4.051761627197265625e+00 -4.567842006683349609e+00
-3.345414638519287109e+00 -3.543447017669677734e+00 -4.171105861663818359e+00
-3.957665681838989258e+00 -4.060321807861328125e+00 -4.579028606414794922e+00
-4.159964561462402344e+00 -4.071120262145996094e+00 -4.517989635467529297e+00
-4.301989555358886719e+00 -4.158473014831542969e+00 -4.710271358489990234e+00
-3.481618165969848633e+00 -3.766674280166625977e+00 -4.430256366729736328e+00
-4.045792579650878906e+00 -4.124830245971679688e+00 -4.809033870697021484e+00
-3.769206285476684570e+00 -3.920192003250122070e+00 -4.501656055450439453e+00
-3.588347673416137695e+00 -3.919367790222167969e+00 -4.505036830902099609e+00
-3.909018039703369141e+00 -4.030220985412597656e+00 -4.679849147796630859e+00
-3.654961824417114258e+00 -3.940516710281372070e+00 -4.541980266571044922e+00
-4.084450721740722656e+00 -4.231358528137207031e+00 -4.823117733001708984e+00
-3.938716173171997070e+00 -4.099761962890625000e+00 -4.822802066802978516e+00
-4.215546607971191406e+00 -4.111068725585937500e+00 -4.572482585906982422e+00
-3.505559206008911133e+00 -3.767258882522583008e+00 -4.393233776092529297e+00
-3.560773134231567383e+00 -3.775603532791137695e+00 -4.481822490692138672e+00
-3.613751649856567383e+00 -3.803864240646362305e+00 -4.211658000946044922e+00
-3.931367874145507812e+00 -4.185147285461425781e+00 -4.683379650115966797e+00
-3.846178293228149414e+00 -4.040561199188232422e+00 -4.548366069793701172e+00
-4.152945518493652344e+00 -4.027127265930175781e+00 -4.555272579193115234e+00
-4.079327583312988281e+00 -4.325122833251953125e+00 -4.801002025604248047e+00
-4.013438224792480469e+00 -4.074989318847656250e+00 -4.522031307220458984e+00
-3.572520494461059570e+00 -3.787265062332153320e+00 -4.516562938690185547e+00
-3.763823747634887695e+00 -3.972898721694946289e+00 -4.571172237396240234e+00
-3.794183015823364258e+00 -3.986064195632934570e+00 -4.618636608123779297e+00
-3.969977855682373047e+00 -4.051669597625732422e+00 -4.662739276885986328e+00
-3.752740144729614258e+00 -3.922036886215209961e+00 -4.348628520965576172e+00
-3.514609575271606445e+00 -3.726763963699340820e+00 -4.395228862762451172e+00
-4.095662117004394531e+00 -4.339425086975097656e+00 -4.824920177459716797e+00
-4.226562023162841797e+00 -4.223977088928222656e+00 -4.769786357879638672e+00
-4.185193061828613281e+00 -4.201092720031738281e+00 -4.821578502655029297e+00
-4.196197509765625000e+00 -4.219545364379882812e+00 -4.753409862518310547e+00
-3.949898958206176758e+00 -4.183409690856933594e+00 -4.854072093963623047e+00
-4.161156654357910156e+00 -4.229102134704589844e+00 -4.701533794403076172e+00
-4.060231208801269531e+00 -4.195261955261230469e+00 -4.956441402435302734e+00
-3.597693681716918945e+00 -3.761550188064575195e+00 -4.422786235809326172e+00
-3.810297250747680664e+00 -3.994088411331176758e+00 -4.628356456756591797e+00
-3.781310319900512695e+00 -3.982261896133422852e+00 -4.586846828460693359e+00
-3.390517950057983398e+00 -3.610782623291015625e+00 -4.262416839599609375e+00
-3.944800615310668945e+00 -4.078868865966796875e+00 -4.574866771697998047e+00
-3.585879564285278320e+00 -3.788066625595092773e+00 -4.189277172088623047e+00
-4.245900154113769531e+00 -4.160977363586425781e+00 -4.706293582916259766e+00
-4.126531600952148438e+00 -4.163703441619873047e+00 -4.816600799560546875e+00
-4.096995353698730469e+00 -4.215805053710937500e+00 -4.798701763153076172e+00
-3.905343294143676758e+00 -4.126134395599365234e+00 -4.547413349151611328e+00
-3.491423368453979492e+00 -3.757069826126098633e+00 -4.410822391510009766e+00
-4.230806350708007812e+00 -4.305674552917480469e+00 -4.879806041717529297e+00
-4.302799224853515625e+00 -4.235170841217041016e+00 -4.834741115570068359e+00
-3.982222795486450195e+00 -4.174852371215820312e+00 -4.741858959197998047e+00
-4.375138282775878906e+00 -4.195446968078613281e+00 -4.677264690399169922e+00
-4.178196907043457031e+00 -4.297658920288085938e+00 -4.766110897064208984e+00
-3.986045122146606445e+00 -4.159832954406738281e+00 -4.778809070587158203e+00
-3.423602104187011719e+00 -3.633181095123291016e+00 -4.224913597106933594e+00
-3.812880754470825195e+00 -3.955295801162719727e+00 -4.653298854827880859e+00
-3.962674379348754883e+00 -3.981943607330322266e+00 -4.615745067596435547e+00
-4.069897651672363281e+00 -4.183543205261230469e+00 -4.958003520965576172e+00
-4.192017555236816406e+00 -4.286284446716308594e+00 -4.877719402313232422e+00
-4.060383796691894531e+00 -4.122788429260253906e+00 -4.689481258392333984e+00
-4.323018074035644531e+00 -4.178589820861816406e+00 -4.669612407684326172e+00
-4.259827613830566406e+00 -4.140594482421875000e+00 -4.736617565155029297e+00
-4.153958320617675781e+00 -4.273837089538574219e+00 -4.882628917694091797e+00
-4.190056800842285156e+00 -4.094191551208496094e+00 -4.580764293670654297e+00
-3.606513261795043945e+00 -3.875819444656372070e+00 -4.566221714019775391e+00
-3.537574052810668945e+00 -3.823034524917602539e+00 -4.405326366424560547e+00
-4.078083992004394531e+00 -4.232045173645019531e+00 -4.874113559722900391e+00
-3.912976503372192383e+00 -4.032405853271484375e+00 -4.728367328643798828e+00
-4.006674766540527344e+00 -4.038549423217773438e+00 -4.701911449432373047e+00
-3.714257478713989258e+00 -3.906325101852416992e+00 -4.555579185485839844e+00
-3.604192972183227539e+00 -3.859150171279907227e+00 -4.580693721771240234e+00
-4.235732078552246094e+00 -4.311249732971191406e+00 -4.714622974395751953e+00
-4.208905220031738281e+00 -4.053207397460937500e+00 -4.542615413665771484e+00
-4.177722930908203125e+00 -4.190634727478027344e+00 -4.812438488006591797e+00
-4.045071601867675781e+00 -4.072280883789062500e+00 -4.598889827728271484e+00
-4.190216064453125000e+00 -4.251017570495605469e+00 -4.840487957000732422e+00
-4.348103523254394531e+00 -4.187490463256835938e+00 -4.671077251434326172e+00
-3.698697328567504883e+00 -3.846198320388793945e+00 -4.488282680511474609e+00
-4.085532188415527344e+00 -4.114777565002441406e+00 -4.771374702453613281e+00
-3.968375444412231445e+00 -4.068877220153808594e+00 -4.749198436737060547e+00
-3.658763170242309570e+00 -3.897791624069213867e+00 -4.609788417816162109e+00
-3.912686586380004883e+00 -4.139594078063964844e+00 -4.563434123992919922e+00
-3.940201997756958008e+00 -4.070811271667480469e+00 -4.797950267791748047e+00
-3.992540597915649414e+00 -4.160721302032470703e+00 -4.818841457366943359e+00
-4.155786514282226562e+00 -4.193494796752929688e+00 -4.742835521697998047e+00
-3.766127824783325195e+00 -3.937005281448364258e+00 -4.690326213836669922e+00
-4.197747230529785156e+00 -4.040227890014648438e+00 -4.629857540130615234e+00
-4.108373641967773438e+00 -4.167828559875488281e+00 -4.814286708831787109e+00
-4.236727714538574219e+00 -4.232108116149902344e+00 -4.761703014373779297e+00
-4.229630470275878906e+00 -4.055966377258300781e+00 -4.565925121307373047e+00
-4.141742706298828125e+00 -4.187455177307128906e+00 -4.734706401824951172e+00
-3.522603273391723633e+00 -3.776807069778442383e+00 -4.409661769866943359e+00
-4.181099891662597656e+00 -4.241498947143554688e+00 -4.863166332244873047e+00
-4.309351921081542969e+00 -4.104148864746093750e+00 -4.610070705413818359e+00
-3.934004068374633789e+00 -3.973893880844116211e+00 -4.632853031158447266e+00
-4.145005226135253906e+00 -4.189085960388183594e+00 -4.734847545623779297e+00
-4.153860092163085938e+00 -4.205399513244628906e+00 -4.893002986907958984e+00
-3.970201730728149414e+00 -4.145462036132812500e+00 -4.797179698944091797e+00
-4.200298309326171875e+00 -4.115441799163818359e+00 -4.674566745758056641e+00
-3.705504655838012695e+00 -3.828971147537231445e+00 -4.454089641571044922e+00
-4.241840362548828125e+00 -4.210645198822021484e+00 -4.809302806854248047e+00
-3.605216264724731445e+00 -3.875994920730590820e+00 -4.564072132110595703e+00
-3.901615858078002930e+00 -4.045245170593261719e+00 -4.712283611297607422e+00
-3.878755807876586914e+00 -4.057401657104492188e+00 -4.568596363067626953e+00
-3.762314081192016602e+00 -3.960386991500854492e+00 -4.582669734954833984e+00
-3.740952730178833008e+00 -3.926347017288208008e+00 -4.504689693450927734e+00
-4.182997703552246094e+00 -4.036108970642089844e+00 -4.613618373870849609e+00
-4.065906047821044922e+00 -4.144489288330078125e+00 -4.741385936737060547e+00
-3.580614805221557617e+00 -3.908195734024047852e+00 -4.533500194549560547e+00
-3.945861577987670898e+00 -4.182704925537109375e+00 -4.742137432098388672e+00
-3.645115137100219727e+00 -3.950646400451660156e+00 -4.573859691619873047e+00
-4.292275428771972656e+00 -4.144671440124511719e+00 -4.592916011810302734e+00
-4.100638389587402344e+00 -4.267215251922607422e+00 -4.935943126678466797e+00
-4.176475524902343750e+00 -4.162864208221435547e+00 -4.769320964813232422e+00
-4.150515556335449219e+00 -4.272335052490234375e+00 -4.742396831512451172e+00
-4.082110404968261719e+00 -4.207614898681640625e+00 -4.700339794158935547e+00
-4.235280036926269531e+00 -4.079375267028808594e+00 -4.543273448944091797e+00
-4.178000450134277344e+00 -4.042981147766113281e+00 -4.608554363250732422e+00
-3.958066225051879883e+00 -4.017257690429687500e+00 -4.647534847259521484e+00
-3.993989229202270508e+00 -4.156823158264160156e+00 -4.894916057586669922e+00
-4.062468528747558594e+00 -4.192785263061523438e+00 -4.730933666229248047e+00
-4.094833374023437500e+00 -4.119042396545410156e+00 -4.769535541534423828e+00
-3.930974245071411133e+00 -4.135903358459472656e+00 -4.807162761688232422e+00
-3.924411296844482422e+00 -4.166949272155761719e+00 -4.698472499847412109e+00
-4.126599311828613281e+00 -4.182138442993164062e+00 -4.610393047332763672e+00
-4.224612236022949219e+00 -4.158917427062988281e+00 -4.605933666229248047e+00
-4.257745742797851562e+00 -4.325411796569824219e+00 -4.961207866668701172e+00
-4.243136405944824219e+00 -4.069392204284667969e+00 -4.681470394134521484e+00
-3.952067613601684570e+00 -4.153298377990722656e+00 -4.789351940155029297e+00
-4.281016349792480469e+00 -4.346512794494628906e+00 -4.914649486541748047e+00
-4.068299293518066406e+00 -4.320089340209960938e+00 -4.804105281829833984e+00
-4.071208000183105469e+00 -4.168180465698242188e+00 -4.736838817596435547e+00
-3.874106168746948242e+00 -4.034743309020996094e+00 -4.702710628509521484e+00
-3.619073152542114258e+00 -3.821991205215454102e+00 -4.335299968719482422e+00
-3.671808481216430664e+00 -3.856289625167846680e+00 -4.251014232635498047e+00
-4.186290264129638672e+00 -4.176947593688964844e+00 -4.845195293426513672e+00
-3.970626115798950195e+00 -4.190018653869628906e+00 -4.803941249847412109e+00
-4.212254524230957031e+00 -4.317269325256347656e+00 -4.772675991058349609e+00
-3.968829393386840820e+00 -4.090996742248535156e+00 -4.588271617889404297e+00
-3.781113862991333008e+00 -3.920831680297851562e+00 -4.554235935211181641e+00
-3.596528291702270508e+00 -3.919674873352050781e+00 -4.546366214752197266e+00
-4.391377449035644531e+00 -4.201830863952636719e+00 -4.702449321746826172e+00
-3.913284540176391602e+00 -3.946050882339477539e+00 -4.558557987213134766e+00
-3.600806474685668945e+00 -3.929302692413330078e+00 -4.457921504974365234e+00
-4.106596946716308594e+00 -4.127223968505859375e+00 -4.742678165435791016e+00
-3.989529848098754883e+00 -4.173076629638671875e+00 -4.643329143524169922e+00
-3.530375719070434570e+00 -3.780114412307739258e+00 -4.412818431854248047e+00
-3.858524560928344727e+00 -4.110882759094238281e+00 -4.566714763641357422e+00
-4.064684867858886719e+00 -4.123359680175781250e+00 -4.723952770233154297e+00
-4.049504280090332031e+00 -4.162881851196289062e+00 -4.930854320526123047e+00
-4.025897026062011719e+00 -4.225884437561035156e+00 -4.870357036590576172e+00
-3.589949846267700195e+00 -3.793071031570434570e+00 -4.406386852264404297e+00
-3.997291803359985352e+00 -4.048911094665527344e+00 -4.655528545379638672e+00
-4.162521362304687500e+00 -4.173567771911621094e+00 -4.770438671112060547e+00
-4.047083854675292969e+00 -4.304335594177246094e+00 -4.782256603240966797e+00
-3.791109800338745117e+00 -4.008244514465332031e+00 -4.368331432342529297e+00
-3.962533235549926758e+00 -4.191773414611816406e+00 -4.845416545867919922e+00
-4.148229598999023438e+00 -4.332159042358398438e+00 -4.804854869842529297e+00
-4.072131156921386719e+00 -4.321636199951171875e+00 -4.798305034637451172e+00
-4.059107780456542969e+00 -4.216567039489746094e+00 -4.801967144012451172e+00
-3.826325654983520508e+00 -4.096858024597167969e+00 -4.727344036102294922e+00
-3.921635866165161133e+00 -4.141350746154785156e+00 -4.784205913543701172e+00
-3.965215921401977539e+00 -4.146772384643554688e+00 -4.647687435150146484e+00
-4.258752822875976562e+00 -4.316583633422851562e+00 -4.924121379852294922e+00
-3.843087911605834961e+00 -4.043607234954833984e+00 -4.483287334442138672e+00
-3.604691743850708008e+00 -3.760974168777465820e+00 -4.442581653594970703e+00
-4.263946533203125000e+00 -4.327000617980957031e+00 -4.958295345306396484e+00
-4.020049095153808594e+00 -3.927283525466918945e+00 -4.396239757537841797e+00
-3.549342393875122070e+00 -3.703809022903442383e+00 -4.329057216644287109e+00
-4.246335983276367188e+00 -4.082542419433593750e+00 -4.573729038238525391e+00
-4.154152870178222656e+00 -4.010728836059570312e+00 -4.565896511077880859e+00
-4.095578193664550781e+00 -4.144569396972656250e+00 -4.774088382720947266e+00
-4.105099678039550781e+00 -4.237632751464843750e+00 -4.834472179412841797e+00
-4.133557319641113281e+00 -4.357348442077636719e+00 -4.846950054168701172e+00
-4.168455123901367188e+00 -4.137378692626953125e+00 -4.736052513122558594e+00
-4.086612701416015625e+00 -4.117605209350585938e+00 -4.703841686248779297e+00
-3.466934442520141602e+00 -3.710718154907226562e+00 -4.361594676971435547e+00
-4.038470268249511719e+00 -4.125630378723144531e+00 -4.812253952026367188e+00
-4.068751335144042969e+00 -4.112275123596191406e+00 -4.810309886932373047e+00
-3.947782754898071289e+00 -4.126748085021972656e+00 -4.701145648956298828e+00
-3.690970659255981445e+00 -3.941674470901489258e+00 -4.592015743255615234e+00
-3.898515939712524414e+00 -4.003075122833251953e+00 -4.593164920806884766e+00
-4.027647972106933594e+00 -4.112047195434570312e+00 -4.838943004608154297e+00
-3.671693086624145508e+00 -3.832478761672973633e+00 -4.463241100311279297e+00
-4.023249626159667969e+00 -4.110613822937011719e+00 -4.590215206146240234e+00
-3.867475032806396484e+00 -4.121230125427246094e+00 -4.577802181243896484e+00
-3.681795358657836914e+00 -3.862572431564331055e+00 -4.260360240936279297e+00
-3.882750749588012695e+00 -3.993830919265747070e+00 -4.424293041229248047e+00
-3.460998773574829102e+00 -3.704274654388427734e+00 -4.353026866912841797e+00
-3.875663042068481445e+00 -4.035593032836914062e+00 -4.703614711761474609e+00
-4.084345817565917969e+00 -4.211917877197265625e+00 -4.888340473175048828e+00
-3.624509096145629883e+00 -3.764674425125122070e+00 -4.446982860565185547e+00
-4.028326034545898438e+00 -4.119218826293945312e+00 -4.841342449188232422e+00
-4.127354621887207031e+00 -4.072326660156250000e+00 -4.567351818084716797e+00
-3.854251146316528320e+00 -4.108321189880371094e+00 -4.715777873992919922e+00
-3.467788934707641602e+00 -3.717969417572021484e+00 -4.363162517547607422e+00
-4.186248779296875000e+00 -4.265447616577148438e+00 -4.820535182952880859e+00
-3.605251550674438477e+00 -3.931513786315917969e+00 -4.540774822235107422e+00
-4.379868507385253906e+00 -4.265086174011230469e+00 -4.716104984283447266e+00
-3.333546638488769531e+00 -3.532833337783813477e+00 -4.144564151763916016e+00
-3.382334470748901367e+00 -3.590047359466552734e+00 -4.238997936248779297e+00
-4.184447765350341797e+00 -4.157747268676757812e+00 -4.803682327270507812e+00
-3.561902284622192383e+00 -3.726115465164184570e+00 -4.360827922821044922e+00
-4.154833793640136719e+00 -4.007266044616699219e+00 -4.579255580902099609e+00
-3.982213258743286133e+00 -4.168464660644531250e+00 -4.767144680023193359e+00
-3.698503732681274414e+00 -3.986960649490356445e+00 -4.532177448272705078e+00
-4.026452064514160156e+00 -4.136225700378417969e+00 -4.543851375579833984e+00
-4.208442687988281250e+00 -4.126557350158691406e+00 -4.664039134979248047e+00
-4.315365791320800781e+00 -4.171999931335449219e+00 -4.630502223968505859e+00
-4.036527633666992188e+00 -4.100786209106445312e+00 -4.823544979095458984e+00
-4.252703666687011719e+00 -4.234827041625976562e+00 -4.818046092987060547e+00
-3.865556001663208008e+00 -3.988094091415405273e+00 -4.550010204315185547e+00
-4.097246170043945312e+00 -4.268657207489013672e+00 -4.928985118865966797e+00
-4.247056007385253906e+00 -4.236762046813964844e+00 -4.765670299530029297e+00
-4.068287849426269531e+00 -4.159156799316406250e+00 -4.810012340545654297e+00
-3.591738700866699219e+00 -3.919470071792602539e+00 -4.536524295806884766e+00
-3.412734270095825195e+00 -3.636943578720092773e+00 -4.227646827697753906e+00
-4.362504005432128906e+00 -4.152631759643554688e+00 -4.640231609344482422e+00
-4.021620750427246094e+00 -4.105204582214355469e+00 -4.577615261077880859e+00
-3.947093248367309570e+00 -4.081896781921386719e+00 -4.619102001190185547e+00
-3.416602373123168945e+00 -3.654333829879760742e+00 -4.289577007293701172e+00
-4.177638053894042969e+00 -4.275356292724609375e+00 -4.829084396362304688e+00
-3.847530603408813477e+00 -3.912333488464355469e+00 -4.554011821746826172e+00
-3.430049180984497070e+00 -3.664277791976928711e+00 -4.300902843475341797e+00
-3.563159227371215820e+00 -3.887510061264038086e+00 -4.527885913848876953e+00
-3.975405931472778320e+00 -4.086912155151367188e+00 -4.563340663909912109e+00
-4.174868583679199219e+00 -4.188912391662597656e+00 -4.771749019622802734e+00
-4.151423454284667969e+00 -4.240097999572753906e+00 -4.760692119598388672e+00
-3.512376070022583008e+00 -3.774551391601562500e+00 -4.441445827484130859e+00
-4.223893165588378906e+00 -4.104552268981933594e+00 -4.593909740447998047e+00
-3.719479799270629883e+00 -3.962055444717407227e+00 -4.577376842498779297e+00
-3.644143342971801758e+00 -3.821839570999145508e+00 -4.452414989471435547e+00
-4.076272010803222656e+00 -4.162884712219238281e+00 -4.862571239471435547e+00
-4.292752265930175781e+00 -4.206998825073242188e+00 -4.745200634002685547e+00
-3.845285415649414062e+00 -3.980068206787109375e+00 -4.555188655853271484e+00
-3.910971879959106445e+00 -4.037799835205078125e+00 -4.454873561859130859e+00
-4.024255752563476562e+00 -4.100104331970214844e+00 -4.777781963348388672e+00
-3.852324724197387695e+00 -3.985454797744750977e+00 -4.711364269256591797e+00
-4.039912223815917969e+00 -4.292805671691894531e+00 -4.774620532989501953e+00
-3.592015504837036133e+00 -3.737654924392700195e+00 -4.397281169891357422e+00
-3.947606325149536133e+00 -3.999202489852905273e+00 -4.673991680145263672e+00
-3.999211549758911133e+00 -4.124601364135742188e+00 -4.800864696502685547e+00
-4.014099121093750000e+00 -4.172219276428222656e+00 -4.804065227508544922e+00
-4.238045692443847656e+00 -4.206610679626464844e+00 -4.762343883514404297e+00
-3.571358919143676758e+00 -3.793368577957153320e+00 -4.421391963958740234e+00
-3.488848924636840820e+00 -3.787215471267700195e+00 -4.408470630645751953e+00
-4.222577095031738281e+00 -4.194078445434570312e+00 -4.673058986663818359e+00
-4.234431266784667969e+00 -4.241278171539306641e+00 -4.714211940765380859e+00
-4.153004646301269531e+00 -4.059251785278320312e+00 -4.498759746551513672e+00
-3.813676118850708008e+00 -4.004434585571289062e+00 -4.551226139068603516e+00
-4.004300117492675781e+00 -4.038844108581542969e+00 -4.685449123382568359e+00
-3.865107774734497070e+00 -4.088247299194335938e+00 -4.744566440582275391e+00
-4.349362850189208984e+00 -4.169803619384765625e+00 -4.688407421112060547e+00
-4.340481758117675781e+00 -4.197353363037109375e+00 -4.659864902496337891e+00
-3.566302537918090820e+00 -3.855077028274536133e+00 -4.509501934051513672e+00
-4.048398017883300781e+00 -4.083584785461425781e+00 -4.710875988006591797e+00
-3.736684083938598633e+00 -4.020823478698730469e+00 -4.649306774139404297e+00
-3.734462022781372070e+00 -3.962447404861450195e+00 -4.709354877471923828e+00
-4.239548683166503906e+00 -4.320452690124511719e+00 -4.721043109893798828e+00
-3.766632318496704102e+00 -3.986750841140747070e+00 -4.265236377716064453e+00
-3.445932626724243164e+00 -3.659290552139282227e+00 -4.340703487396240234e+00
-3.559710741043090820e+00 -3.835733652114868164e+00 -4.531545162200927734e+00
-4.006679534912109375e+00 -4.155352592468261719e+00 -4.816077709197998047e+00
-3.573532342910766602e+00 -3.767157316207885742e+00 -4.178029537200927734e+00
-3.790961503982543945e+00 -3.986795663833618164e+00 -4.491130352020263672e+00
-3.673405885696411133e+00 -3.807803392410278320e+00 -4.417214870452880859e+00
-3.854825496673583984e+00 -4.020058631896972656e+00 -4.690061092376708984e+00
-3.528111696243286133e+00 -3.767121553421020508e+00 -4.489398479461669922e+00
-4.348942756652832031e+00 -4.190846443176269531e+00 -4.676169872283935547e+00
-4.072041511535644531e+00 -4.204552650451660156e+00 -4.797992229461669922e+00
-4.075907707214355469e+00 -4.168997764587402344e+00 -4.579965114593505859e+00
-3.404131650924682617e+00 -3.628288030624389648e+00 -4.205083370208740234e+00
-3.785369157791137695e+00 -3.986741304397583008e+00 -4.515203952789306641e+00
-4.001734733581542969e+00 -4.086964607238769531e+00 -4.506152629852294922e+00
-3.840553522109985352e+00 -4.015063285827636719e+00 -4.672688961029052734e+00
-4.020133972167968750e+00 -4.124921798706054688e+00 -4.720561504364013672e+00
-4.351880073547363281e+00 -4.209542274475097656e+00 -4.700583934783935547e+00
-4.207825660705566406e+00 -4.150594711303710938e+00 -4.712279319763183594e+00
-4.155772209167480469e+00 -4.178314208984375000e+00 -4.750384807586669922e+00
-3.592957735061645508e+00 -3.779170274734497070e+00 -4.469153881072998047e+00
-3.642295122146606445e+00 -3.831052064895629883e+00 -4.482091426849365234e+00
-4.012584686279296875e+00 -4.098908424377441406e+00 -4.701838970184326172e+00
-4.190823554992675781e+00 -4.115835189819335938e+00 -4.639094829559326172e+00
-3.893782854080200195e+00 -3.998242139816284180e+00 -4.710441112518310547e+00
-3.473407030105590820e+00 -3.766220331192016602e+00 -4.421950817108154297e+00
-4.120997428894042969e+00 -4.089715003967285156e+00 -4.575118541717529297e+00
-4.110672950744628906e+00 -4.257535934448242188e+00 -4.765603542327880859e+00
-4.249888420104980469e+00 -4.169693946838378906e+00 -4.700888156890869141e+00
-4.152734756469726562e+00 -4.132430076599121094e+00 -4.744097232818603516e+00
-3.973883867263793945e+00 -4.209366798400878906e+00 -4.700439929962158203e+00
-4.209182739257812500e+00 -4.297139167785644531e+00 -4.915029048919677734e+00
-4.059213638305664062e+00 -4.178583145141601562e+00 -4.933962345123291016e+00
-4.035490989685058594e+00 -4.194665908813476562e+00 -4.871395587921142578e+00
-3.732611894607543945e+00 -4.020402908325195312e+00 -4.651005744934082031e+00
-4.125771522521972656e+00 -4.228068351745605469e+00 -4.768098354339599609e+00
-4.303292274475097656e+00 -4.150685310363769531e+00 -4.614863872528076172e+00
-4.219966888427734375e+00 -4.149608612060546875e+00 -4.677731037139892578e+00
-3.996014595031738281e+00 -4.135685920715332031e+00 -4.691340923309326172e+00
-4.018198013305664062e+00 -4.127776145935058594e+00 -4.721475124359130859e+00
-4.235065937042236328e+00 -4.229284286499023438e+00 -4.770646572113037109e+00
-4.074185371398925781e+00 -4.156819820404052734e+00 -4.810721874237060547e+00
-4.409405708312988281e+00 -4.246870994567871094e+00 -4.705726146697998047e+00
-3.871419191360473633e+00 -4.131041526794433594e+00 -4.769465923309326172e+00
-3.909333467483520508e+00 -4.045027732849121094e+00 -4.609855175018310547e+00
-4.219213485717773438e+00 -4.202300548553466797e+00 -4.797381877899169922e+00
-3.864444017410278320e+00 -4.038289070129394531e+00 -4.621922969818115234e+00
-3.637723207473754883e+00 -3.955520868301391602e+00 -4.539711475372314453e+00
-4.214367866516113281e+00 -4.137812614440917969e+00 -4.653605937957763672e+00
-3.351042747497558594e+00 -3.562083244323730469e+00 -4.130107879638671875e+00
-3.969304323196411133e+00 -4.067991256713867188e+00 -4.744229793548583984e+00
-4.297158241271972656e+00 -4.160286903381347656e+00 -4.728076457977294922e+00
-4.191983222961425781e+00 -4.295337677001953125e+00 -4.733187198638916016e+00
-3.899010896682739258e+00 -4.058137893676757812e+00 -4.653405666351318359e+00
-3.979788064956665039e+00 -4.157504558563232422e+00 -4.791445255279541016e+00
-4.123248100280761719e+00 -4.228546142578125000e+00 -4.742099285125732422e+00
-3.983103990554809570e+00 -4.176284790039062500e+00 -4.729758739471435547e+00
-3.814781427383422852e+00 -4.002018928527832031e+00 -4.525995731353759766e+00
-4.178551673889160156e+00 -4.042519569396972656e+00 -4.582278728485107422e+00
-3.599672555923461914e+00 -3.929650783538818359e+00 -4.476115703582763672e+00
-4.018208503723144531e+00 -4.160859107971191406e+00 -4.916686534881591797e+00
-3.502750635147094727e+00 -3.758383750915527344e+00 -4.418548107147216797e+00
-4.277379035949707031e+00 -4.141053199768066406e+00 -4.629943370819091797e+00
-3.972428083419799805e+00 -4.068048954010009766e+00 -4.673842906951904297e+00
-3.997716188430786133e+00 -3.992905378341674805e+00 -4.474420070648193359e+00
-3.977002382278442383e+00 -4.205634117126464844e+00 -4.705918788909912109e+00
-4.141692161560058594e+00 -4.216420173645019531e+00 -4.839139461517333984e+00
-3.646107673645019531e+00 -3.951733112335205078e+00 -4.573443889617919922e+00
-4.007287025451660156e+00 -4.131992340087890625e+00 -4.781386852264404297e+00
-4.235318183898925781e+00 -4.227882385253906250e+00 -4.809453487396240234e+00
-3.734122514724731445e+00 -3.949100732803344727e+00 -4.702284336090087891e+00
-4.004195690155029297e+00 -4.076579093933105469e+00 -4.700553417205810547e+00
-3.930398225784301758e+00 -4.171523094177246094e+00 -4.829532146453857422e+00
-4.200573921203613281e+00 -4.179986953735351562e+00 -4.624595165252685547e+00
-4.306698799133300781e+00 -4.157305717468261719e+00 -4.641944408416748047e+00
-4.066132545471191406e+00 -4.228216171264648438e+00 -4.764071941375732422e+00
-4.058949470520019531e+00 -4.313766479492187500e+00 -4.793797969818115234e+00
-3.909515857696533203e+00 -4.162413120269775391e+00 -4.652239322662353516e+00
-4.085314750671386719e+00 -4.281842708587646484e+00 -4.809811115264892578e+00
-3.874371528625488281e+00 -4.133291244506835938e+00 -4.556063175201416016e+00
-4.017559051513671875e+00 -4.134106636047363281e+00 -4.728179454803466797e+00
-3.628319978713989258e+00 -3.824217081069946289e+00 -4.208007335662841797e+00
-4.259274482727050781e+00 -4.223481655120849609e+00 -4.809522151947021484e+00
-4.190670967102050781e+00 -4.088739395141601562e+00 -4.577392101287841797e+00
-4.056342124938964844e+00 -4.311000823974609375e+00 -4.786735057830810547e+00
-4.240063667297363281e+00 -4.183065414428710938e+00 -4.609092235565185547e+00
-4.271035194396972656e+00 -4.176229476928710938e+00 -4.715105533599853516e+00
-4.259352684020996094e+00 -4.209697723388671875e+00 -4.691638469696044922e+00
-3.805810213088989258e+00 -4.067486763000488281e+00 -4.747958660125732422e+00
-4.138644218444824219e+00 -4.202233314514160156e+00 -4.749568462371826172e+00
-4.039290428161621094e+00 -4.250745773315429688e+00 -4.756906032562255859e+00
-3.863437891006469727e+00 -4.041872978210449219e+00 -4.572441577911376953e+00
-4.020838737487792969e+00 -4.134866714477539062e+00 -4.730823040008544922e+00
-4.080012321472167969e+00 -4.178246498107910156e+00 -4.907662868499755859e+00
-4.319767951965332031e+00 -4.175230979919433594e+00 -4.665755748748779297e+00
-3.799882173538208008e+00 -3.936273813247680664e+00 -4.675401210784912109e+00
-4.245212078094482422e+00 -4.222664356231689453e+00 -4.896869182586669922e+00
-3.982115983963012695e+00 -4.154376029968261719e+00 -4.768765926361083984e+00
-4.245083808898925781e+00 -4.274551391601562500e+00 -4.853305339813232422e+00
-4.033067703247070312e+00 -4.209024429321289062e+00 -4.838702678680419922e+00
-3.910125017166137695e+00 -3.999624729156494141e+00 -4.657960414886474609e+00
-3.991528749465942383e+00 -4.109455108642578125e+00 -4.681018352508544922e+00
-4.015585899353027344e+00 -3.938750505447387695e+00 -4.439708232879638672e+00
-4.177082061767578125e+00 -4.097541809082031250e+00 -4.611670970916748047e+00
-3.848690509796142578e+00 -4.090455055236816406e+00 -4.587707042694091797e+00
-3.837150335311889648e+00 -4.025425910949707031e+00 -4.630433559417724609e+00
-4.265583992004394531e+00 -4.148975372314453125e+00 -4.720408916473388672e+00
-3.414233684539794922e+00 -3.618086099624633789e+00 -4.275884151458740234e+00
-3.881493806838989258e+00 -4.045804023742675781e+00 -4.630076885223388672e+00
-3.588118791580200195e+00 -3.799429178237915039e+00 -4.556697368621826172e+00
-3.593297243118286133e+00 -3.820122957229614258e+00 -4.333913326263427734e+00
-4.139580726623535156e+00 -4.185934066772460938e+00 -4.737945079803466797e+00
-3.847939729690551758e+00 -4.009335517883300781e+00 -4.680022716522216797e+00
-4.226265907287597656e+00 -4.177141666412353516e+00 -4.762595653533935547e+00
-3.658482789993286133e+00 -3.806308031082153320e+00 -4.496284008026123047e+00
-4.252097129821777344e+00 -4.139619827270507812e+00 -4.730807781219482422e+00
-3.774780511856079102e+00 -3.997674703598022461e+00 -4.612325191497802734e+00
-4.045676231384277344e+00 -4.142158508300781250e+00 -4.688266277313232422e+00
-4.198533058166503906e+00 -4.292461395263671875e+00 -4.908860683441162109e+00
-3.991612672805786133e+00 -4.113750457763671875e+00 -4.694821834564208984e+00
-4.236462593078613281e+00 -4.154211997985839844e+00 -4.685515880584716797e+00
-3.514292955398559570e+00 -3.761912584304809570e+00 -4.365043163299560547e+00
-3.982951402664184570e+00 -4.179015159606933594e+00 -4.779112339019775391e+00
-4.077993392944335938e+00 -4.139712333679199219e+00 -4.776113033294677734e+00
-4.235521316528320312e+00 -4.233116149902343750e+00 -4.762465953826904297e+00
-3.916344881057739258e+00 -4.018115043640136719e+00 -4.443366527557373047e+00
-3.338681936264038086e+00 -3.535360813140869141e+00 -4.158909320831298828e+00
-3.849963426589965820e+00 -4.028777122497558594e+00 -4.728427410125732422e+00
-4.240704536437988281e+00 -4.116463661193847656e+00 -4.601859569549560547e+00
-4.066772460937500000e+00 -4.237239837646484375e+00 -4.760295391082763672e+00
-3.468564271926879883e+00 -3.676747798919677734e+00 -4.349683284759521484e+00
-4.366696357727050781e+00 -4.189986228942871094e+00 -4.652654170989990234e+00
-3.961697816848754883e+00 -4.124161720275878906e+00 -4.790637493133544922e+00
-4.339734077453613281e+00 -4.195220947265625000e+00 -4.657580852508544922e+00
-4.169676780700683594e+00 -4.016715049743652344e+00 -4.595447063446044922e+00
-4.027303695678710938e+00 -4.147069931030273438e+00 -4.750163555145263672e+00
-4.255518913269042969e+00 -4.113233566284179688e+00 -4.582919597625732422e+00
-4.227181434631347656e+00 -4.212903976440429688e+00 -4.876595973968505859e+00
-3.855466127395629883e+00 -4.060961723327636719e+00 -4.655591487884521484e+00
-3.981244325637817383e+00 -4.062058448791503906e+00 -4.741250514984130859e+00
-4.251965999603271484e+00 -4.229219436645507812e+00 -4.897309780120849609e+00
-4.114800453186035156e+00 -4.198371887207031250e+00 -4.776940822601318359e+00
-4.134093284606933594e+00 -4.217261314392089844e+00 -4.854503154754638672e+00
-4.210435867309570312e+00 -4.363035202026367188e+00 -4.878592967987060547e+00
-3.844523191452026367e+00 -4.036695480346679688e+00 -4.580764293670654297e+00
-4.209787368774414062e+00 -4.199659347534179688e+00 -4.799293041229248047e+00
-4.343926429748535156e+00 -4.149250030517578125e+00 -4.620132923126220703e+00
-3.901677370071411133e+00 -4.070258140563964844e+00 -4.646129131317138672e+00
-3.487708330154418945e+00 -3.735228538513183594e+00 -4.391223430633544922e+00
-4.285893440246582031e+00 -4.097158432006835938e+00 -4.577874660491943359e+00
-3.745765924453735352e+00 -3.972004652023315430e+00 -4.634464740753173828e+00
-4.127387046813964844e+00 -4.137022018432617188e+00 -4.763480663299560547e+00
-3.596617937088012695e+00 -3.789523363113403320e+00 -4.503657817840576172e+00
-3.928884744644165039e+00 -4.131632804870605469e+00 -4.761527538299560547e+00
-3.993100404739379883e+00 -4.104601860046386719e+00 -4.614758014678955078e+00
-3.524615526199340820e+00 -3.795521974563598633e+00 -4.473393917083740234e+00
-4.249529838562011719e+00 -4.314473152160644531e+00 -4.890899181365966797e+00
-4.227228164672851562e+00 -4.150468826293945312e+00 -4.683609485626220703e+00
-4.233796119689941406e+00 -4.180573463439941406e+00 -4.764354228973388672e+00
-4.232821464538574219e+00 -4.165641307830810547e+00 -4.741210460662841797e+00
-4.054491996765136719e+00 -4.136946678161621094e+00 -4.692031383514404297e+00
-4.048801422119140625e+00 -4.135761260986328125e+00 -4.863639354705810547e+00
-4.190114021301269531e+00 -4.226564407348632812e+00 -4.786637783050537109e+00
-3.863972902297973633e+00 -4.125550270080566406e+00 -4.773086071014404297e+00
-3.733824968338012695e+00 -3.926902055740356445e+00 -4.687328815460205078e+00
-4.305598258972167969e+00 -4.233382225036621094e+00 -4.789947032928466797e+00
-4.149666786193847656e+00 -4.367643356323242188e+00 -4.863540172576904297e+00
-4.239150047302246094e+00 -4.293141365051269531e+00 -4.864376068115234375e+00
-4.142712593078613281e+00 -4.147283554077148438e+00 -4.662940502166748047e+00
-3.546071290969848633e+00 -3.768025636672973633e+00 -4.462749004364013672e+00
-3.659922838211059570e+00 -3.968465328216552734e+00 -4.556687831878662109e+00
-4.234301567077636719e+00 -4.230674743652343750e+00 -4.764781475067138672e+00
-4.099451065063476562e+00 -4.169347763061523438e+00 -4.818017482757568359e+00
-3.784308671951293945e+00 -3.942591905593872070e+00 -4.567237377166748047e+00
-3.530703783035278320e+00 -3.786628007888793945e+00 -4.456709384918212891e+00
-4.133987426757812500e+00 -4.127913475036621094e+00 -4.733581066131591797e+00
-4.180832862854003906e+00 -4.087320327758789062e+00 -4.573913097381591797e+00
-4.285618782043457031e+00 -4.211207389831542969e+00 -4.676655292510986328e+00
-3.550444841384887695e+00 -3.797676324844360352e+00 -4.309607982635498047e+00
-3.827340364456176758e+00 -4.061154365539550781e+00 -4.651122570037841797e+00
