9.609581193560732260e-01 1.001828058754705486e+00 4.886481877776513438e-02 2.729107127337608296e-01 1.402256442480119721e-02 6.379440460714175254e-03 2.748025386370438541e-03 1.953931800610117855e-02 1.174820607822202045e-01
9.609581193560732260e-01 9.711000138209604504e-01 4.281088776592512080e-02 3.375339405252976710e-01 1.518798972686120040e-02 1.637412080048832042e-02 2.384837614674744592e-03 1.533672393986854759e-02 1.019552581255431106e-01
9.609581193560732260e-01 1.123449552152300912e+00 3.718997800258784514e-02 9.439278416786339720e-02 5.340992543200283500e-03 1.882427572806710369e-03 6.058609393354989813e-04 4.513405213750275140e-03 2.590143164383097718e-02
9.609581193560732260e-01 9.725214850355370366e-01 3.483052072384459907e-02 8.532752461082206141e-02 3.202263095890804309e-03 5.870471380754999080e-03 9.005711427195584691e-04 5.886750815146011943e-03 3.850071919001935017e-02
9.609581193560732260e-01 1.053533264282579873e+00 3.172314814967422403e-02 1.939680581424865213e-01 4.243077255389043727e-03 7.832291041214253270e-04 7.415312558106487316e-04 5.159464805202669188e-03 3.170153394475200975e-02
9.609581193560732260e-01 1.044861834998886296e+00 3.066406134244176879e-02 2.260053380911773990e-01 5.932209798094967637e-03 7.478524909552934771e-04 1.161572474103792505e-03 7.831389287927224829e-03 4.965890369224561923e-02
9.609581193560732260e-01 1.030088358082332345e+00 3.150905408700315630e-02 1.813343030681362766e-01 6.874484614714852955e-03 1.169591073353117711e-02 1.502481616424170777e-03 1.044217917413546061e-02 6.423326271306811774e-02
9.609581193560732260e-01 9.485770953241866588e-01 4.879209702177246533e-02 1.973107176483279157e-01 6.283520809798561445e-03 3.394825762090143348e-03 1.575878999930348549e-03 1.042740472298174341e-02 6.737110704052452770e-02
9.609581193560732260e-01 1.071195345056614734e+00 2.771888113873315421e-02 1.850137580853041530e-01 8.791474051078477028e-03 1.260875881024524879e-02 1.030672199322477415e-03 7.222613019624469707e-03 4.406272757446256377e-02
9.609581193560732260e-01 9.141547037909690809e-01 3.442876201520083529e-02 1.663647966388785149e-01 7.854193768478852367e-03 4.449384928556491051e-03 1.882375891165746383e-03 1.213206294185298698e-02 8.047429254392970965e-02
9.609581193560732260e-01 8.840130229602050083e-01 3.018803946243181144e-02 1.798155897036644024e-01 8.795927132959706005e-03 1.036759493673601595e-02 1.789749877196771368e-03 1.346959135271645971e-02 7.651439644650297189e-02
9.609581193560732260e-01 9.255645202831523921e-01 4.135696222376843145e-02 3.848544668273631841e-01 2.061765611755291341e-02 1.374107381206063870e-02 3.831044920048118450e-03 2.296685232088159501e-02 1.637827126302382474e-01
9.609581193560732260e-01 1.090966725253040392e+00 4.990152380407174987e-02 6.239826610382918082e-01 2.967649272742094169e-02 1.815735392235823253e-02 7.406802379187905558e-03 4.336662160837929936e-02 3.166515169872403668e-01
9.609581193560732260e-01 1.018556779261875711e+00 3.415849339727839579e-02 4.443574205000654365e-01 1.464713072585366836e-02 4.376213446255880664e-03 5.268995547885199290e-03 3.850686063141663812e-02 2.252571822254820777e-01
9.609581193560732260e-01 1.110755638084595320e+00 3.056635887715764693e-02 1.863351443685877795e-01 7.999725427299321859e-03 9.914475753637583613e-03 3.120842238504022061e-03 2.086392141514808660e-02 1.334205205578204989e-01
9.609581193560732260e-01 9.329988636011773417e-01 2.101507711638868695e-02 3.592661348023938883e-01 1.384894965439349007e-02 4.052162114334828709e-03 2.958401480876245767e-03 1.899144398039531376e-02 1.264759431693480707e-01
