4.050901008537352880e-04
4.838386158382289130e-03
1.665664176486684285e-03
4.297633036133560909e-03
5.735871952407655804e-04
1.668456432930480763e-03
2.110304415703017169e-04
1.532764845516963563e-02
1.051752681793442258e-02
2.347545449116283153e-03
5.248365656569190137e-03
8.106496893752451749e-03
3.948662114659610284e-03
1.975844127040419455e-03
1.624730627419007992e-02
1.454927216138502538e-02
1.680920434311989611e-03
1.319121775313183628e-02
1.089984545661080778e-04
1.685134589320872562e-04
3.133197099724416117e-03
2.727890110867706684e-03
2.369497872197009851e-03
1.478104512810555571e-03
2.203005520557074510e-03
1.278091139154597516e-02
5.784702878335610046e-03
1.589416929297871039e-03
2.058736276547719324e-04
7.707827919605771301e-03
1.225114732902210860e-02
4.317279426942844181e-03
1.707603447038540546e-03
1.287602232151296554e-03
8.313859633048559586e-03
1.348718124536622126e-02
1.599373526865131845e-02
2.902733043490419388e-03
2.060706008585677998e-03
8.199141754522604186e-03
5.528055360576400803e-03
6.478726483288589459e-03
8.884949578414401070e-03
1.250261565340668934e-03
2.328981503133029964e-03
1.559973980642167905e-02
2.323458710113365713e-03
2.513559581485936070e-03
4.594016532729338319e-03
6.007064934455539940e-05
1.389828762096851624e-03
1.498118233650133201e-03
2.655963259819509991e-03
1.866545581121209800e-03
6.684002778717730575e-03
4.105701245826254980e-03
1.080928002007181324e-02
4.961867178963672888e-03
3.174609451844552337e-03
2.103903601769468740e-03
4.114651176690792625e-03
2.827850948303654594e-03
5.757809630230664548e-03
4.332250546247075622e-04
1.508031752650098103e-02
5.198825243516462004e-03
2.717260091350253847e-04
1.676837079892333493e-02
1.524889717256892006e-02
4.785115274442929695e-03
7.769420104748315896e-03
9.627570900115759497e-04
5.764428918497950700e-03
5.913880552043964192e-03
3.154809528877058206e-03
1.947279214949685982e-03
3.788846227222267163e-04
6.244315197050721508e-03
4.332304000058930979e-04
8.905793594999199606e-03
5.238718420166871411e-04
6.909548173296447236e-03
5.558685227174768855e-04
3.658770265994939499e-04
1.025585806224489638e-02
2.067154944611512141e-03
1.173358226587582764e-02
8.640064629043393146e-03
1.068613574699820573e-02
1.358041382660353860e-03
2.255102894844783490e-03
4.274715625689668591e-03
1.020970389415089101e-02
1.690457633282483555e-03
1.649543957809165157e-02
2.005379919220096150e-03
1.237322686007931785e-02
3.390056303099920395e-03
3.389088032537284235e-03
9.615288056424239893e-03
1.358884656493362757e-02
1.066131078713920908e-03
1.439364300828512022e-02
1.184069175931575131e-02
1.301037813433018539e-03
1.881759729416494211e-03
8.288015270261723730e-03
8.266156320716897682e-03
2.602632145895571354e-03
1.098966036029426887e-03
1.163085357524159917e-02
1.238610574179508208e-03
4.591865361363636593e-03
1.356972148948768810e-02
2.216851382157998974e-03
1.275147376652304050e-02
1.179769552403542830e-02
7.424520960906923683e-04
1.157971808689662154e-03
1.548923120361201007e-02
1.954308943946104962e-03
2.965101666235362386e-03
5.522029492605529631e-03
2.347040136950854193e-03
5.400685833422761914e-03
3.014849711485538455e-03
1.433159025807771540e-02
2.869584700270907344e-04
1.179432823043320526e-02
4.679214105760365859e-03
1.367099128683608653e-02
4.834709623417091789e-03
9.848485373510074950e-05
2.019158825743296286e-03
1.411435986369024599e-03
3.332256785393696279e-03
8.144271917822782855e-03
5.302266970509154735e-03
4.748358666151871778e-03
4.826999161654797516e-04
2.249539246295258980e-03
8.248510621842232785e-03
9.793735829104932740e-04
7.661124513164679212e-03
3.575293599994507857e-03
1.889677847631092032e-03
1.618407886486954682e-03
1.540795169413920578e-03
1.846691060353345933e-03
1.073547211106778976e-03
2.001001629929347048e-03
2.781805641225112112e-03
1.069666636929070616e-02
2.234354963848778162e-03
5.534916447978482403e-03
5.098337777931262471e-03
9.285368638520609440e-04
5.102776243420715716e-03
1.711650701558400586e-02
1.265765386420529028e-02
1.176061903847879127e-02
1.110510766758843583e-03
1.017269060658971408e-02
1.169521107134163275e-02
4.890551863955806128e-03
2.075196411119254597e-03
2.388240631633840524e-03
4.407100697473766843e-03
4.833789212953146230e-03
6.442408676079595248e-03
1.810711117292508826e-03
3.970613084131536380e-03
1.478614473966400038e-03
1.643621173020976337e-02
1.247295352569621979e-03
4.855405824367380052e-03
5.703541416281748995e-03
1.148664303528433399e-02
1.258876229467285196e-02
4.396929018143576860e-03
1.084593161907063466e-02
4.568727005148038103e-03
1.485958355906101362e-03
1.190589733006628889e-02
1.194247800826046466e-02
7.344536170749678752e-03
1.023213518260308180e-02
1.477836429176534972e-03
7.098761034425417685e-03
1.158816534792289675e-03
2.602991503194568724e-03
1.241724784851988908e-02
5.290593531405933699e-03
1.539431577545213696e-02
1.074531514864186322e-03
5.341941341948173126e-03
8.551290119711067034e-03
7.979667986091981691e-03
4.840853041694001546e-03
2.026661359961721368e-03
3.036311076522093654e-03
5.461392083012695485e-03
3.412461852852089611e-04
8.601805715740273601e-04
1.704307611127585734e-02
1.233928472064712374e-04
1.301647236541843798e-02
6.327420799140850115e-03
8.836919665698294169e-04
4.516198653105551325e-03
1.106966577093209400e-03
1.076213824195471546e-03
2.311714554359533408e-03
1.732478320139459183e-02
1.404989023660358632e-02
8.131763090420199291e-04
4.257668972501894161e-03
1.487936571363157991e-03
3.087009835298627942e-03
5.984752674677308029e-04
3.449756888601994507e-03
3.724147734757017516e-03
5.315359742757260614e-03
1.439813136536289943e-02
3.126408288528008568e-03
4.596200208196791451e-04
8.570020644889919919e-04
9.217529257618780822e-03
1.550771577464139708e-03
6.964616170559480464e-03
1.089722259003589495e-02
1.474250595776754619e-03
1.193989854146589730e-03
5.602932908227829453e-03
2.019864785148571280e-03
2.489179722054744338e-03
2.587036771593499186e-03
4.779964498615515457e-03
7.352167397516168150e-03
1.213010143897187395e-03
5.158498452987482670e-03
1.224809230616850236e-02
2.188837416753032158e-03
1.530520830200795320e-03
3.423695145628612071e-03
4.111582208202046659e-03
3.461020617974918615e-03
7.054031444112413181e-03
1.156265149023496391e-02
1.627578857932709001e-03
1.003269214885254244e-02
4.547735136604540195e-04
6.059108775080411426e-04
6.305685045784628802e-03
1.604820358586249093e-02
1.793676343168442138e-03
1.796793514946776497e-03
6.383657364326874055e-04
8.120945992285522053e-03
1.366306854086499038e-02
1.582953888248794794e-02
8.651151825583664953e-04
2.821207032225883475e-03
1.079006728675257001e-02
1.059631772447236844e-02
1.456390820140122597e-02
1.939212577450132469e-03
5.410996661927287670e-03
8.862148536561814324e-03
1.231802187510890219e-03
4.529341854265411978e-03
4.721747509607637436e-03
2.551576786857720318e-03
8.710924447251734010e-03
1.472782386347188137e-03
7.631595462559016396e-04
4.420987673289165335e-04
3.228629356531616083e-03
2.961962032738739946e-03
1.439507297900357793e-02
2.699639358708218716e-03
1.010086047507727263e-04
8.292524581420820246e-03
3.587646873715254442e-04
3.753251036442915942e-03
1.483888329692076638e-02
2.193523677290282626e-03
4.284728468156425753e-03
8.620380756528652627e-03
3.274389200754871873e-03
5.835865699714566646e-03
9.688362669913352931e-03
5.091350070706384019e-03
1.437902455243371402e-02
1.106121126957177901e-03
3.391651699260699558e-03
5.760272463959931546e-03
7.212329812581005049e-03
1.545099534554148640e-03
8.894345310477932975e-03
1.355817024470096731e-04
6.459002909062323827e-03
2.291527279451198960e-03
4.527849850818443933e-03
2.274641808362948617e-03
3.080772022030358291e-03
8.686416888330310813e-05
7.344420553584963401e-03
2.542328580648356168e-03
1.771046763112122183e-03
1.040228881382185451e-02
3.649905696500196656e-03
3.372574010195122343e-04
8.194643018719376028e-04
1.069311248470710025e-02
1.610148226988841400e-03
1.851589908340301848e-04
1.056316525855830607e-02
4.969895238271873801e-03
6.280759063050965832e-03
5.849044577424819188e-03
1.021514115692513137e-02
5.241155243721614884e-04
1.094665938919138059e-03
3.085197953316179496e-03
1.169347545886163391e-04
7.333195918177101008e-03
4.999566436920514518e-04
5.463495820731336695e-03
1.264444955896070616e-02
4.639897001522610845e-04
4.633877302770775253e-04
2.771842180933066762e-03
6.068162593501867652e-04
1.256493372357794141e-03
3.523390218522655208e-03
1.692740033746859777e-03
1.787827016404721194e-04
1.875025972661780328e-03
7.361110667822755131e-03
