9.980733739212155342e-04
4.502542782574892044e-03
1.128903939388692379e-03
4.698568023741245270e-03
3.129284013994038105e-04
1.670897472649812698e-03
4.541586677078157663e-04
1.529356464743614197e-02
1.060481928288936615e-02
2.161498880013823509e-03
5.231778137385845184e-03
6.890506483614444733e-03
3.426386741921305656e-03
2.514242660254240036e-03
1.643607020378112793e-02
1.565324142575263977e-02
1.900835195556282997e-03
1.273432187736034393e-02
9.876274270936846733e-04
2.202772157033905387e-04
4.522293340414762497e-03
2.495457185432314873e-03
2.051168121397495270e-03
1.228430191986262798e-03
1.292305300012230873e-03
1.317177433520555496e-02
5.961946211755275726e-03
1.385979703627526760e-03
5.627805949188768864e-04
7.940437644720077515e-03
1.172632444649934769e-02
3.097017994150519371e-03
1.709203235805034637e-03
1.282521174289286137e-03
8.261494338512420654e-03
1.254083588719367981e-02
1.546760741621255875e-02
2.766871126368641853e-03
2.053279895335435867e-03
8.148047141730785370e-03
5.706977564841508865e-03
8.797779679298400879e-03
8.148457854986190796e-03
9.871781803667545319e-04
2.123052021488547325e-03
1.577336154878139496e-02
2.262227470055222511e-03
2.459849463775753975e-03
4.687774460762739182e-03
2.372293383814394474e-04
1.039500231854617596e-03
1.647394616156816483e-03
1.937319524586200714e-03
1.901283860206604004e-03
6.682933308184146881e-03
3.762629348784685135e-03
1.087812520563602448e-02
5.293739028275012970e-03
3.275490365922451019e-03
2.554763341322541237e-03
4.029423464089632034e-03
3.255209885537624359e-03
5.777433514595031738e-03
3.183556254953145981e-04
1.502823550254106522e-02
5.149979144334793091e-03
8.176178089343011379e-04
1.557714398950338364e-02
1.525188609957695007e-02
4.578302614390850067e-03
7.682907395064830780e-03
2.786632860079407692e-03
5.889961961656808853e-03
5.849939305335283279e-03
3.137105144560337067e-03
1.482844003476202488e-03
2.634749107528477907e-04
6.200945004820823669e-03
4.908291739411652088e-04
9.050195105373859406e-03
5.600735312327742577e-04
6.986715830862522125e-03
3.907720092684030533e-03
2.972215297631919384e-04
1.008858997374773026e-02
2.551977522671222687e-03
1.149013824760913849e-02
8.692812174558639526e-03
1.081365067511796951e-02
1.279668998904526234e-03
1.544567174278199673e-03
4.566235467791557312e-03
9.458631277084350586e-03
2.207579556852579117e-03
1.625422574579715729e-02
2.161488635465502739e-03
1.224985346198081970e-02
3.396624000743031502e-03
2.823748625814914703e-03
9.636612609028816223e-03
1.381691265851259232e-02
5.119456909596920013e-04
1.422598399221897125e-02
1.143399067223072052e-02
1.092182006686925888e-03
2.876048674806952477e-03
8.489549160003662109e-03
8.287492208182811737e-03
2.463867655023932457e-03
1.291802618652582169e-03
1.155875157564878464e-02
1.281589502468705177e-03
4.559277091175317764e-03
1.379263121634721756e-02
2.136084483936429024e-03
1.285645738244056702e-02
1.161043439060449600e-02
5.435085622593760490e-04
1.185354660265147686e-03
1.547205541282892227e-02
2.004350302740931511e-03
3.050515428185462952e-03
5.486952140927314758e-03
5.372049752622842789e-03
5.363597534596920013e-03
3.069719532504677773e-03
1.455496530979871750e-02
4.898053593933582306e-04
1.189451571553945541e-02
5.137494765222072601e-03
1.361327152699232101e-02
5.238363053649663925e-03
8.003547554835677147e-04
1.685678376816213131e-03
1.120810047723352909e-03
2.991972491145133972e-03
8.406513370573520660e-03
5.200996994972229004e-03
5.015398841351270676e-03
4.115074698347598314e-04
1.828714390285313129e-03
8.181782439351081848e-03
9.543367195874452591e-04
6.481099873781204224e-03
3.463074797764420509e-03
2.521983813494443893e-03
1.371074933558702469e-03
1.971120247617363930e-03
2.282552653923630714e-03
9.398332913406193256e-04
1.791907125152647495e-03
2.906579058617353439e-03
1.016638241708278656e-02
2.235387684777379036e-03
5.616816692054271698e-03
5.071294493973255157e-03
1.100118388421833515e-03
5.075665656477212906e-03
1.658837124705314636e-02
1.264776755124330521e-02
1.143611688166856766e-02
9.229983552359044552e-04
9.179770946502685547e-03
1.160980854183435440e-02
5.106744822114706039e-03
6.185010541230440140e-03
1.663019531406462193e-03
4.383972380310297012e-03
4.757023416459560394e-03
6.546308752149343491e-03
1.433565164916217327e-03
4.014431964606046677e-03
2.983869751915335655e-03
1.614910364151000977e-02
1.207782421261072159e-03
5.972678773105144501e-03
5.747307557612657547e-03
1.134422048926353455e-02
1.187091134488582611e-02
4.580750595778226852e-03
1.078711729496717453e-02
4.405454266816377640e-03
1.321794930845499039e-03
1.181828975677490234e-02
1.197568234056234360e-02
7.060025352984666824e-03
1.065673772245645523e-02
1.332979067228734493e-03
7.017824798822402954e-03
1.025238423608243465e-03
3.272792557254433632e-03
1.338422112166881561e-02
5.335303954780101776e-03
1.531131844967603683e-02
4.768421931657940149e-04
5.129436496645212173e-03
8.713001385331153870e-03
8.021225221455097198e-03
4.821553360670804977e-03
1.133128884248435497e-03
2.853299491107463837e-03
5.492561496794223785e-03
3.559811157174408436e-04
6.351423216983675957e-04
1.679704710841178894e-02
3.273774054832756519e-04
1.289296709001064301e-02
6.447649095207452774e-03
2.372598974034190178e-03
4.694255068898200989e-03
1.242214231751859188e-03
7.238015532493591309e-04
6.092536263167858124e-03
1.630522683262825012e-02
1.430224534124135971e-02
6.361249834299087524e-04
4.236863460391759872e-03
1.441043801605701447e-03
2.682278398424386978e-03
9.360678959637880325e-04
3.651030594483017921e-03
3.975545987486839294e-03
5.546251777559518814e-03
1.449691969901323318e-02
3.353845793753862381e-03
1.255554234376177192e-04
8.104929002001881599e-04
9.416742250323295593e-03
1.360165886580944061e-03
7.137161679565906525e-03
1.089334953576326370e-02
1.253690104931592941e-03
5.327222752384841442e-04
5.568305961787700653e-03
2.306971233338117599e-03
2.553450409322977066e-03
2.711554756388068199e-03
4.922418855130672455e-03
7.287830580025911331e-03
1.173334894701838493e-03
5.359159782528877258e-03
1.207660324871540070e-02
2.364717656746506691e-03
1.833991613239049911e-03
3.842199454084038734e-03
3.933530300855636597e-03
3.459245897829532623e-03
7.380762603133916855e-03
1.186164189130067825e-02
2.064505359157919884e-03
1.026267558336257935e-02
8.813011809252202511e-04
4.722259764093905687e-04
6.070248316973447800e-03
1.591616682708263397e-02
1.092857797630131245e-03
1.883661141619086266e-03
1.201714854687452316e-03
8.538171648979187012e-03
1.376327686011791229e-02
1.582644693553447723e-02
6.857921835035085678e-04
3.725846763700246811e-03
1.087967213243246078e-02
1.090841367840766907e-02
1.399139314889907837e-02
1.308114733546972275e-03
5.472038406878709793e-03
8.153005503118038177e-03
1.542749814689159393e-03
4.297022242099046707e-03
4.859177395701408386e-03
1.896647736430168152e-03
9.308197535574436188e-03
1.653925864957273006e-03
1.002918579615652561e-03
4.896225873380899429e-04
2.710611093789339066e-03
2.949626883491873741e-03
1.476060226559638977e-02
2.736588008701801300e-03
1.741090818541124463e-04
8.214475587010383606e-03
8.252151892520487309e-04
3.733344608917832375e-03
1.463236846029758453e-02
1.792152295820415020e-03
4.137603566050529480e-03
8.574320003390312195e-03
4.339822567999362946e-03
6.105399224907159805e-03
9.287580847740173340e-03
5.053330212831497192e-03
1.546419318765401840e-02
3.064382763113826513e-04
3.203179687261581421e-03
6.002760957926511765e-03
6.977743934839963913e-03
7.897827890701591969e-04
8.877662010490894318e-03
9.713174658827483654e-04
6.498078815639019012e-03
2.226274693384766579e-03
4.550565965473651886e-03
2.335779601708054543e-03
3.209475660696625710e-03
4.564258561003953218e-04
7.523306179791688919e-03
2.316758269444108009e-03
1.532934722490608692e-03
9.469507262110710144e-03
3.710921155288815498e-03
3.823817532975226641e-04
1.152989570982754230e-03
9.904188103973865509e-03
1.445127069018781185e-03
6.012782105244696140e-04
1.052968483418226242e-02
4.930675961077213287e-03
6.240363232791423798e-03
6.271141115576028824e-03
1.028304267674684525e-02
3.855712420772761106e-04
1.342494972050189972e-03
3.049190621823072433e-03
5.203532055020332336e-04
7.114094682037830353e-03
1.013636589050292969e-03
5.299060605466365814e-03
1.257896143943071365e-02
3.170215059071779251e-03
2.296544116688892245e-04
2.793260617181658745e-03
8.355260360985994339e-04
9.658785420469939709e-04
3.617327427491545677e-03
1.330693485215306282e-03
5.070520564913749695e-04
4.001901834271848202e-04
6.905924528837203979e-03
