0.000000000000000000e+00
9.973014354620408994e+03
1.363023414384058851e+05
1.808350183639823808e+04
0.000000000000000000e+00
3.122775555615379744e+03
0.000000000000000000e+00
0.000000000000000000e+00
0.000000000000000000e+00
3.130262694049741185e+04
0.000000000000000000e+00
9.815896977738583519e+04
1.850836731284800771e+04
8.305423089449770487e+03
1.138662650007829143e+04
0.000000000000000000e+00
3.669456857377381675e+04
4.970230253083971911e+05
0.000000000000000000e+00
0.000000000000000000e+00
0.000000000000000000e+00
0.000000000000000000e+00
0.000000000000000000e+00
0.000000000000000000e+00
8.966149887034549465e+03
0.000000000000000000e+00
5.177267428289013651e+02
0.000000000000000000e+00
1.913146552374040539e+02
0.000000000000000000e+00
5.318798494222181034e+03
0.000000000000000000e+00
0.000000000000000000e+00
0.000000000000000000e+00
0.000000000000000000e+00
7.037499216611904558e+02
