6.642047962173819542e+00 5.248395458795130253e+01 7.523956345394253731e+02 2.526074768975377083e-01 9.665633430323880004e-01 3.199789131991565005e-02 4.185819877311587334e-01 1.113870217267416640e+00 1.270419545604308809e+00 1.068878581594467247e+00 7.065410810203502923e-01 1.200262579275505059e+00 1.039803534024335674e+00 1.183327937498688566e-02 6.170108833350241850e-01 1.913129497319459915e+00
7.015061290934681892e+00 5.248395458795130253e+01 7.523956345394253731e+02 2.526074768975377083e-01 9.665633430323880004e-01 3.199789131991565005e-02 4.185819877311587334e-01 1.113870217267416640e+00 1.270419545604308809e+00 1.068878581594467247e+00 7.065410810203502923e-01 1.200262579275505059e+00 1.039803534024335674e+00 1.183327937498688566e-02 6.170108833350241850e-01 1.913129497319459915e+00
6.642047962173819542e+00 1.245726488530635834e+01 7.523956345394253731e+02 2.526074768975377083e-01 9.665633430323880004e-01 3.199789131991565005e-02 4.185819877311587334e-01 1.113870217267416640e+00 1.270419545604308809e+00 1.068878581594467247e+00 7.065410810203502923e-01 1.200262579275505059e+00 1.039803534024335674e+00 1.183327937498688566e-02 6.170108833350241850e-01 1.913129497319459915e+00
6.642047962173819542e+00 5.248395458795130253e+01 8.980177684687077999e+02 2.526074768975377083e-01 9.665633430323880004e-01 3.199789131991565005e-02 4.185819877311587334e-01 1.113870217267416640e+00 1.270419545604308809e+00 1.068878581594467247e+00 7.065410810203502923e-01 1.200262579275505059e+00 1.039803534024335674e+00 1.183327937498688566e-02 6.170108833350241850e-01 1.913129497319459915e+00
6.642047962173819542e+00 5.248395458795130253e+01 7.523956345394253731e+02 8.647858379408717155e-01 9.665633430323880004e-01 3.199789131991565005e-02 4.185819877311587334e-01 1.113870217267416640e+00 1.270419545604308809e+00 1.068878581594467247e+00 7.065410810203502923e-01 1.200262579275505059e+00 1.039803534024335674e+00 1.183327937498688566e-02 6.170108833350241850e-01 1.913129497319459915e+00
6.642047962173819542e+00 5.248395458795130253e+01 7.523956345394253731e+02 2.526074768975377083e-01 9.449868597005722792e-01 3.199789131991565005e-02 4.185819877311587334e-01 1.113870217267416640e+00 1.270419545604308809e+00 1.068878581594467247e+00 7.065410810203502923e-01 1.200262579275505059e+00 1.039803534024335674e+00 1.183327937498688566e-02 6.170108833350241850e-01 1.913129497319459915e+00
6.642047962173819542e+00 5.248395458795130253e+01 7.523956345394253731e+02 2.526074768975377083e-01 9.665633430323880004e-01 4.097011516802012698e-02 4.185819877311587334e-01 1.113870217267416640e+00 1.270419545604308809e+00 1.068878581594467247e+00 7.065410810203502923e-01 1.200262579275505059e+00 1.039803534024335674e+00 1.183327937498688566e-02 6.170108833350241850e-01 1.913129497319459915e+00
6.642047962173819542e+00 5.248395458795130253e+01 7.523956345394253731e+02 2.526074768975377083e-01 9.665633430323880004e-01 3.199789131991565005e-02 1.223772503435611725e-01 1.113870217267416640e+00 1.270419545604308809e+00 1.068878581594467247e+00 7.065410810203502923e-01 1.200262579275505059e+00 1.039803534024335674e+00 1.183327937498688566e-02 6.170108833350241850e-01 1.913129497319459915e+00
6.642047962173819542e+00 5.248395458795130253e+01 7.523956345394253731e+02 2.526074768975377083e-01 9.665633430323880004e-01 3.199789131991565005e-02 4.185819877311587334e-01 6.545068294347324844e-01 1.270419545604308809e+00 1.068878581594467247e+00 7.065410810203502923e-01 1.200262579275505059e+00 1.039803534024335674e+00 1.183327937498688566e-02 6.170108833350241850e-01 1.913129497319459915e+00
6.642047962173819542e+00 5.248395458795130253e+01 7.523956345394253731e+02 2.526074768975377083e-01 9.665633430323880004e-01 3.199789131991565005e-02 4.185819877311587334e-01 1.113870217267416640e+00 1.252266472338650960e+00 1.068878581594467247e+00 7.065410810203502923e-01 1.200262579275505059e+00 1.039803534024335674e+00 1.183327937498688566e-02 6.170108833350241850e-01 1.913129497319459915e+00
6.642047962173819542e+00 5.248395458795130253e+01 7.523956345394253731e+02 2.526074768975377083e-01 9.665633430323880004e-01 3.199789131991565005e-02 4.185819877311587334e-01 1.113870217267416640e+00 1.270419545604308809e+00 7.686992402332459839e-01 7.065410810203502923e-01 1.200262579275505059e+00 1.039803534024335674e+00 1.183327937498688566e-02 6.170108833350241850e-01 1.913129497319459915e+00
6.642047962173819542e+00 5.248395458795130253e+01 7.523956345394253731e+02 2.526074768975377083e-01 9.665633430323880004e-01 3.199789131991565005e-02 4.185819877311587334e-01 1.113870217267416640e+00 1.270419545604308809e+00 1.068878581594467247e+00 6.465809987031320150e-01 1.200262579275505059e+00 1.039803534024335674e+00 1.183327937498688566e-02 6.170108833350241850e-01 1.913129497319459915e+00
6.642047962173819542e+00 5.248395458795130253e+01 7.523956345394253731e+02 2.526074768975377083e-01 9.665633430323880004e-01 3.199789131991565005e-02 4.185819877311587334e-01 1.113870217267416640e+00 1.270419545604308809e+00 1.068878581594467247e+00 7.065410810203502923e-01 8.578265216075628974e-01 1.039803534024335674e+00 1.183327937498688566e-02 6.170108833350241850e-01 1.913129497319459915e+00
6.642047962173819542e+00 5.248395458795130253e+01 7.523956345394253731e+02 2.526074768975377083e-01 9.665633430323880004e-01 3.199789131991565005e-02 4.185819877311587334e-01 1.113870217267416640e+00 1.270419545604308809e+00 1.068878581594467247e+00 7.065410810203502923e-01 1.200262579275505059e+00 7.375252066519439875e-01 1.183327937498688566e-02 6.170108833350241850e-01 1.913129497319459915e+00
6.642047962173819542e+00 5.248395458795130253e+01 7.523956345394253731e+02 2.526074768975377083e-01 9.665633430323880004e-01 3.199789131991565005e-02 4.185819877311587334e-01 1.113870217267416640e+00 1.270419545604308809e+00 1.068878581594467247e+00 7.065410810203502923e-01 1.200262579275505059e+00 1.039803534024335674e+00 5.188844557851552894e-03 6.170108833350241850e-01 1.913129497319459915e+00
6.642047962173819542e+00 5.248395458795130253e+01 7.523956345394253731e+02 2.526074768975377083e-01 9.665633430323880004e-01 3.199789131991565005e-02 4.185819877311587334e-01 1.113870217267416640e+00 1.270419545604308809e+00 1.068878581594467247e+00 7.065410810203502923e-01 1.200262579275505059e+00 1.039803534024335674e+00 1.183327937498688566e-02 2.513562066480517498e-01 1.913129497319459915e+00
6.642047962173819542e+00 5.248395458795130253e+01 7.523956345394253731e+02 2.526074768975377083e-01 9.665633430323880004e-01 3.199789131991565005e-02 4.185819877311587334e-01 1.113870217267416640e+00 1.270419545604308809e+00 1.068878581594467247e+00 7.065410810203502923e-01 1.200262579275505059e+00 1.039803534024335674e+00 1.183327937498688566e-02 6.170108833350241850e-01 2.644276970997452736e+00
7.015061290934681892e+00 1.245726488530635834e+01 8.980177684687077999e+02 8.647858379408717155e-01 9.449868597005722792e-01 4.097011516802012698e-02 1.223772503435611725e-01 6.545068294347324844e-01 1.252266472338650960e+00 7.686992402332459839e-01 6.465809987031320150e-01 8.578265216075628974e-01 7.375252066519439875e-01 5.188844557851552894e-03 2.513562066480517498e-01 2.644276970997452736e+00
7.468271976336836815e+00 8.381200349889695644e+01 1.330480444058775902e+03 5.611290438100695610e-01 1.034393799302745443e+00 4.240867553278804269e-02 5.999552775174379349e-01 8.695871620489273868e-01 9.184525430981891336e-01 9.137484532810845606e-01 1.380747201472447339e+00 8.065356721421063080e-01 9.464305371136829681e-01 9.306850573047994665e-03 2.114344088360667340e-01 2.545856880024075508e+00
6.185395333915948868e+00 8.381200349889695644e+01 1.330480444058775902e+03 5.611290438100695610e-01 1.034393799302745443e+00 4.240867553278804269e-02 5.999552775174379349e-01 8.695871620489273868e-01 9.184525430981891336e-01 9.137484532810845606e-01 1.380747201472447339e+00 8.065356721421063080e-01 9.464305371136829681e-01 9.306850573047994665e-03 2.114344088360667340e-01 2.545856880024075508e+00
7.468271976336836815e+00 7.885363863781094551e+01 1.330480444058775902e+03 5.611290438100695610e-01 1.034393799302745443e+00 4.240867553278804269e-02 5.999552775174379349e-01 8.695871620489273868e-01 9.184525430981891336e-01 9.137484532810845606e-01 1.380747201472447339e+00 8.065356721421063080e-01 9.464305371136829681e-01 9.306850573047994665e-03 2.114344088360667340e-01 2.545856880024075508e+00
7.468271976336836815e+00 8.381200349889695644e+01 1.056545745860785246e+03 5.611290438100695610e-01 1.034393799302745443e+00 4.240867553278804269e-02 5.999552775174379349e-01 8.695871620489273868e-01 9.184525430981891336e-01 9.137484532810845606e-01 1.380747201472447339e+00 8.065356721421063080e-01 9.464305371136829681e-01 9.306850573047994665e-03 2.114344088360667340e-01 2.545856880024075508e+00
7.468271976336836815e+00 8.381200349889695644e+01 1.330480444058775902e+03 2.883596159517765045e-01 1.034393799302745443e+00 4.240867553278804269e-02 5.999552775174379349e-01 8.695871620489273868e-01 9.184525430981891336e-01 9.137484532810845606e-01 1.380747201472447339e+00 8.065356721421063080e-01 9.464305371136829681e-01 9.306850573047994665e-03 2.114344088360667340e-01 2.545856880024075508e+00
7.468271976336836815e+00 8.381200349889695644e+01 1.330480444058775902e+03 5.611290438100695610e-01 1.065935054109589775e+00 4.240867553278804269e-02 5.999552775174379349e-01 8.695871620489273868e-01 9.184525430981891336e-01 9.137484532810845606e-01 1.380747201472447339e+00 8.065356721421063080e-01 9.464305371136829681e-01 9.306850573047994665e-03 2.114344088360667340e-01 2.545856880024075508e+00
7.468271976336836815e+00 8.381200349889695644e+01 1.330480444058775902e+03 5.611290438100695610e-01 1.034393799302745443e+00 3.478250302374363140e-02 5.999552775174379349e-01 8.695871620489273868e-01 9.184525430981891336e-01 9.137484532810845606e-01 1.380747201472447339e+00 8.065356721421063080e-01 9.464305371136829681e-01 9.306850573047994665e-03 2.114344088360667340e-01 2.545856880024075508e+00
7.468271976336836815e+00 8.381200349889695644e+01 1.330480444058775902e+03 5.611290438100695610e-01 1.034393799302745443e+00 4.240867553278804269e-02 6.889916062355041504e-01 8.695871620489273868e-01 9.184525430981891336e-01 9.137484532810845606e-01 1.380747201472447339e+00 8.065356721421063080e-01 9.464305371136829681e-01 9.306850573047994665e-03 2.114344088360667340e-01 2.545856880024075508e+00
7.468271976336836815e+00 8.381200349889695644e+01 1.330480444058775902e+03 5.611290438100695610e-01 1.034393799302745443e+00 4.240867553278804269e-02 5.999552775174379349e-01 1.210339606775032051e+00 9.184525430981891336e-01 9.137484532810845606e-01 1.380747201472447339e+00 8.065356721421063080e-01 9.464305371136829681e-01 9.306850573047994665e-03 2.114344088360667340e-01 2.545856880024075508e+00
7.468271976336836815e+00 8.381200349889695644e+01 1.330480444058775902e+03 5.611290438100695610e-01 1.034393799302745443e+00 4.240867553278804269e-02 5.999552775174379349e-01 8.695871620489273868e-01 9.697433720887232989e-01 9.137484532810845606e-01 1.380747201472447339e+00 8.065356721421063080e-01 9.464305371136829681e-01 9.306850573047994665e-03 2.114344088360667340e-01 2.545856880024075508e+00
7.468271976336836815e+00 8.381200349889695644e+01 1.330480444058775902e+03 5.611290438100695610e-01 1.034393799302745443e+00 4.240867553278804269e-02 5.999552775174379349e-01 8.695871620489273868e-01 9.184525430981891336e-01 1.227917329069016850e+00 1.380747201472447339e+00 8.065356721421063080e-01 9.464305371136829681e-01 9.306850573047994665e-03 2.114344088360667340e-01 2.545856880024075508e+00
7.468271976336836815e+00 8.381200349889695644e+01 1.330480444058775902e+03 5.611290438100695610e-01 1.034393799302745443e+00 4.240867553278804269e-02 5.999552775174379349e-01 8.695871620489273868e-01 9.184525430981891336e-01 9.137484532810845606e-01 1.015324583916070278e+00 8.065356721421063080e-01 9.464305371136829681e-01 9.306850573047994665e-03 2.114344088360667340e-01 2.545856880024075508e+00
7.468271976336836815e+00 8.381200349889695644e+01 1.330480444058775902e+03 5.611290438100695610e-01 1.034393799302745443e+00 4.240867553278804269e-02 5.999552775174379349e-01 8.695871620489273868e-01 9.184525430981891336e-01 9.137484532810845606e-01 1.380747201472447339e+00 1.248614250416220761e+00 9.464305371136829681e-01 9.306850573047994665e-03 2.114344088360667340e-01 2.545856880024075508e+00
7.468271976336836815e+00 8.381200349889695644e+01 1.330480444058775902e+03 5.611290438100695610e-01 1.034393799302745443e+00 4.240867553278804269e-02 5.999552775174379349e-01 8.695871620489273868e-01 9.184525430981891336e-01 9.137484532810845606e-01 1.380747201472447339e+00 8.065356721421063080e-01 1.364870684006898927e+00 9.306850573047994665e-03 2.114344088360667340e-01 2.545856880024075508e+00
7.468271976336836815e+00 8.381200349889695644e+01 1.330480444058775902e+03 5.611290438100695610e-01 1.034393799302745443e+00 4.240867553278804269e-02 5.999552775174379349e-01 8.695871620489273868e-01 9.184525430981891336e-01 9.137484532810845606e-01 1.380747201472447339e+00 8.065356721421063080e-01 9.464305371136829681e-01 1.016915625892579611e-02 2.114344088360667340e-01 2.545856880024075508e+00
7.468271976336836815e+00 8.381200349889695644e+01 1.330480444058775902e+03 5.611290438100695610e-01 1.034393799302745443e+00 4.240867553278804269e-02 5.999552775174379349e-01 8.695871620489273868e-01 9.184525430981891336e-01 9.137484532810845606e-01 1.380747201472447339e+00 8.065356721421063080e-01 9.464305371136829681e-01 9.306850573047994665e-03 5.264866425655783111e-01 2.545856880024075508e+00
7.468271976336836815e+00 8.381200349889695644e+01 1.330480444058775902e+03 5.611290438100695610e-01 1.034393799302745443e+00 4.240867553278804269e-02 5.999552775174379349e-01 8.695871620489273868e-01 9.184525430981891336e-01 9.137484532810845606e-01 1.380747201472447339e+00 8.065356721421063080e-01 9.464305371136829681e-01 9.306850573047994665e-03 2.114344088360667340e-01 2.095892115185658433e+00
6.185395333915948868e+00 7.885363863781094551e+01 1.056545745860785246e+03 2.883596159517765045e-01 1.065935054109589775e+00 3.478250302374363140e-02 6.889916062355041504e-01 1.210339606775032051e+00 9.697433720887232989e-01 1.227917329069016850e+00 1.015324583916070278e+00 1.248614250416220761e+00 1.364870684006898927e+00 1.016915625892579611e-02 5.264866425655783111e-01 2.095892115185658433e+00
