-3.848883540603927900e-01
-1.238235992613843928e-01
-7.433469747694076979e-01
-3.673966430836285713e-01
-5.739674522692532754e-01
-1.063318882846202157e-01
-4.822822199703993840e-01
-3.129026974702448505e-01
-4.896126444027429359e-01
-5.919149470091468190e-01
-4.985344633345436538e-01
-2.090479836252202017e-01
-3.974965616772546673e-01
-3.113502862316240294e-01
-6.008367659409474815e-01
-4.997988642836584949e-01
-1.077919828544621872e+00
-4.459288649514965286e-01
-1.130201753169213674e+00
-8.389479631867579057e-01
-8.194125085949088838e-01
-2.069569995936326179e-01
-4.982107895760884420e-01
-1.874215450017835127e-01
5.223953700538885858e-01
-8.381252690142271256e-02
3.955683807167745814e-01
-6.189644494762276405e-01
-5.424000868636371653e-01
-1.225172346431538939e+00
-2.106395162385367170e-01
-1.148607983818948464e+00
3.232999654563761815e-02
-8.260983494475235833e-01
5.907945910285344882e-02
-1.458022812816963110e-01
-1.527716720957186802e-01
-1.004230627274857568e+00
-7.993488868903078082e-01
-1.011200018088879826e+00
-9.443903045015095143e-01
-6.185599650473950772e-01
-8.625292946844206332e-01
-3.951553695372678199e-02
-4.731256766987222417e-01
2.863148025003876551e-01
-5.366989552303061961e-01
-1.472953372446078046e-01
-5.983075691908026350e-01
-5.811775835751915587e-01
-6.657737975113307005e-01
-6.590961312784457959e-01
-6.692162200762924451e-01
-6.419661456628347196e-01
-6.486438118957196242e-01
-6.520862344606813688e-01
-1.213978057281977829e+00
-8.889149264636704295e-01
-1.354840259073080588e+00
-1.096525683738891699e+00
-1.214663126342835131e+00
-7.714625529205842991e-01
-1.029777128254773189e+00
-8.895999955245278423e-01
-1.800046370312471666e-01
-2.099620926141639032e-01
-3.065147837863076985e-01
-6.147660277394839667e-01
-4.835897955404644399e-01
-6.447234833224007033e-01
-3.364722393692244351e-01
-5.135472511233811765e-01
-1.352737406399255660e+00
-1.535196108874088194e+00
-1.320404510156809375e+00
-3.516159456287118457e-01
-3.690072027101573005e-01
-5.340746481035443249e-01
-1.502863212631641909e+00
-5.514659051849898352e-01
-8.187284107559187341e-01
-2.277255785890682227e-01
-5.193980287283568309e-01
-8.136259575606648031e-01
-3.614028686126711798e-01
-2.226231253938142085e-01
7.160480343849373597e-02
2.295999635541793871e-01
-2.195502651733967359e-02
-7.081340870062790005e-01
-1.672688553572927728e-02
-3.006598423950245791e-01
-1.397504159965004822e-01
-9.868389028839639199e-01
-7.029059460246686042e-01
-8.259294764854397952e-01
-2.660360101941944277e-01
-6.655060423869610942e-01
-4.025040525971136374e-01
-3.421182622408335261e-01
-5.754464306390860706e-01
-7.415882944336001925e-01
-8.019740847898803038e-01
-9.749164628318527370e-01
-3.177815222424938968e-01
6.778355694132373044e-01
-4.097649537056303748e-01
-9.065962226401508284e-01
-9.190587566455563628e-01
8.902086901558037280e-02
5.858521379501008264e-01
7.655833501017485221e-02
-7.234692075884101570e-01
-9.973497200420258224e-01
-9.161327003775606714e-01
-2.574529459537704401e-01
2.464661980485144399e-01
-5.313334584073861055e-01
-1.190013212831176226e+00
-2.741431440510122552e-02
-1.351112778674183057e-01
-1.400198023210582898e-01
-2.974447032576283401e-01
-4.495578211614572606e-01
-3.187233988466614543e-01
-4.544663456150972447e-01
-3.023532277112683242e-01
-3.236319233003014384e-01
-5.692128490973173971e-01
-9.755298838335930700e-01
-8.262535437308040631e-01
-1.744284420732049035e-01
-1.080867350185898135e-01
-5.807454768094805209e-01
-1.232570578467079736e+00
-5.144037697548654586e-01
9.949354001336041531e-02
5.335334037711495503e-01
-3.210481184000104071e-01
-1.489798508488620277e+00
-9.379405070496167340e-01
-1.055758644730831142e+00
1.129917453577787279e-01
-5.039006432918275991e-01
-9.609159009903083248e-01
-9.916303551196465893e-01
-9.601616772591603510e-01
-9.935816673466969506e-01
-9.912533229984192840e-01
-1.024296121476035326e+00
-9.908761313884986155e-01
-1.021967777127757548e+00
1.204158403743270100e-01
-1.959647172298070728e-01
2.046330204610067316e-01
4.714729299783537719e-01
6.642557249356820792e-01
1.550923723742196891e-01
-1.117475371431273512e-01
3.478751673315479964e-01
-2.889373678479009722e-03
-2.469504693185423094e-01
7.890358480164521016e-01
-3.238602678415426761e-02
2.891582385665038002e-01
-2.764471224242175396e-01
5.449747523763888157e-01
4.509714292644051437e-02
-1.204955611735627485e+00
-1.124547404594764544e+00
-8.740397940896328377e-01
-1.227705689070802020e+00
-8.753867025173017735e-01
-1.147297481929939078e+00
-7.936315869487698960e-01
-7.949784953764388318e-01
-6.555292142272033384e-01
-2.033461273610964737e-02
-6.336129685487219554e-01
-8.817410549252682195e-01
-9.172350855635403866e-01
-2.465464534341745284e-01
1.581632942371680173e-03
-2.820404840724467510e-01
-6.234764138110968634e-01
-7.893178302669021651e-01
-5.685067228356780467e-01
8.136846424814309087e-02
-5.202074719939098202e-02
-8.447295220766221080e-02
-7.343481392914833483e-01
-2.178621636551962837e-01
-4.319472962001925653e-01
-7.989816355461841768e-01
-4.218761611432997327e-01
-3.119391959256526126e-01
-2.158257982413172016e-01
-6.789735352716441685e-01
-7.889105004892913442e-01
-5.828601375873088131e-01
-9.542201187179466526e-01
-6.765045214162250797e-01
-9.362026436870918289e-01
-6.603449425737170086e-01
-6.594680007747465433e-01
-3.826293452719954358e-01
-6.584870463853702560e-01
-3.817524034730249149e-01
-3.963260162492705518e-01
-1.381581542884422475e-01
-1.452491780311651048e-01
-1.117379611875969569e+00
-1.363359416479294595e+00
-8.592117499151413762e-01
1.129186839296631995e-01
-1.105191554518466290e+00
-7.341930062635787513e-01
-7.067168259187587287e-01
-2.104896635222618106e-01
-7.334751978374684511e-02
-8.247498496879610008e-02
-4.587133943892682253e-02
-1.830134831774417881e-01
-5.499880462397607750e-02
-3.094742674193459164e-01
-2.642941376007276189e-01
-2.664757927949437111e-01
-7.371656380602448211e-02
-1.834659971210884644e-01
-2.853643398740618453e-02
-2.212956629763253857e-01
-1.382858673024701668e-01
-7.023046874739302670e-01
-5.282250830270422970e-01
-6.635072755920925491e-01
-1.193010351487999277e+00
-1.245566586424368349e+00
-1.018930747041111307e+00
-4.894276711452046347e-01
-1.071486981977480379e+00
-6.603469610598060591e-01
-4.863085629802319509e-01
-1.116815250724566333e+00
-6.213312014283709495e-01
-9.051661376027908545e-01
-4.472928033487967858e-01
-9.427768526449922248e-01
-7.311277395232167464e-01
-4.805863062987231205e-02
-6.201039419616212189e-01
-7.127676944818223115e-02
-1.824842897574353306e-01
-1.953836698166534769e-01
-7.545296010891843208e-01
-6.433220807799311380e-01
-7.674289811484024115e-01
-2.388338408375269006e-01
-4.445224645489936899e-01
4.677578738388077362e-02
-3.570499804548722400e-01
-3.364924661009197071e-01
-5.627386041663390293e-01
-1.589128363275860156e-01
-5.421810898123864408e-01
-5.938202910084173780e-01
-1.619558757129952453e-01
-5.439497067337751846e-01
-1.222423429353337809e+00
-5.620898597512355988e-01
-7.905590140579156211e-01
-1.120852914383531213e-01
-1.302254444558135493e-01
-8.764213884530323018e-01
-7.102675458697336186e-01
-6.782129656024430409e-01
-9.315774810698964625e-01
-9.485147464795278260e-01
-7.654236384865977794e-01
-5.120591230191443577e-01
-7.823609038962291429e-01
-6.933515489436727908e-01
-7.663090003989678767e-01
-6.662204465360888062e-01
2.078236199827689923e-01
1.824645223466301869e-01
1.348661685274739064e-01
-7.391778979913838921e-01
1.095070708913351010e-01
-1.172483491754613139e-01
-4.885998240715346830e-01
-3.147888324870982690e-01
-2.232731410769338287e-02
1.735478753293164811e-01
-3.936787890037667381e-01
-6.861403073831715549e-01
-1.978035995667568603e-01
-6.824575381892297177e-01
-9.013517953994247822e-01
-7.353581548440815130e-01
-1.213236293274458033e+00
-9.679105063537577491e-01
-1.432130550484653098e+00
-9.542524120542765775e-01
-1.186804763563952925e+00
-8.797151285136910470e-01
-3.760559192771883441e-01
-7.471933851769508861e-01
-7.972947736182031120e-01
-7.085343690058800714e-01
-2.936355643817004646e-01
-2.435341759404482387e-01
-2.048751597693774240e-01
4.179242812013134190e-01
1.988105075349911877e-01
3.379272498696007654e-01
1.067589346789752369e-01
5.504592363029270352e-02
-1.123548389873469944e-01
1.188134762032785341e-01
-1.640678500360295278e-01
-4.400324896917393591e-01
-9.268205530018260863e-01
-4.828389096905876809e-01
-4.190489173387029198e-01
-3.517721522225436548e-01
-9.058369806487895914e-01
-9.696269730006743526e-01
-8.385602155326303819e-01
-2.189735882013770230e-01
1.110318377584484928e-01
8.205240208596276119e-02
-8.733389968526817926e-01
-9.616889929340503018e-01
-5.433335708928562768e-01
4.120578280457882769e-01
-6.316835669742247861e-01
-1.018498229149197520e+00
-8.837774184601655536e-01
-1.121368653843726637e+00
-1.200088603392389652e+00
-1.426626978243113353e+00
-1.065367792703357575e+00
-9.866478431546945593e-01
-1.291906167554081275e+00
-1.788524646078280822e-03
-1.760519982462274424e-01
-1.651340675021131105e-02
1.455818677984606069e-01
6.627704843731942186e-02
-2.868160580168854779e-02
-1.907768803503604726e-01
-1.079864251628297328e-01
8.318564825083218928e-02
1.807695875721713197e-01
6.623419997505763934e-03
1.336367396930074891e-01
3.939136007226709535e-02
2.312206790143466195e-01
1.042073593188448943e-01
1.369752993936062258e-01
-1.906697801004469062e+00
-1.477440095196783210e+00
-1.570064277464614966e+00
-1.381039271014250058e+00
-1.231123967198571201e+00
-9.517815652065640952e-01
-1.140806571656929114e+00
-8.018662613908853487e-01
-4.967343397624554013e-01
-2.744780471734465932e-01
-2.846676077423265228e-01
-7.028378968475846866e-01
-1.084801326205752758e+00
-4.805816042585758785e-01
-6.241131515331771462e-02
-8.625450336167439502e-01
-3.651986995821414617e-01
-9.355494583135066655e-01
-2.910758630902188226e-01
7.083964881816784409e-03
-2.087015415952220565e-01
-5.632667938495483639e-01
-8.614266218215840265e-01
-7.790523003265872326e-01
-1.142417548136185901e-01
-3.691168413829104544e-04
1.369531106016802502e-01
-4.058971472944563619e-01
-5.616529775917263878e-01
-2.920245093222206823e-01
2.508257485739159298e-01
-4.477803396194907082e-01
-1.042864189806988140e+00
-1.057694409366359611e+00
-9.005835123478118653e-01
-1.490179102607630535e-01
-3.008894275991882417e-01
-1.638481298201345249e-01
-9.154137319071833367e-01
-3.157196471585597131e-01
-9.421955178177927603e-01
-4.530262349790905585e-01
-9.788738773117499070e-01
-7.744329451247076168e-01
-9.598480813591445671e-01
-2.852636622860054150e-01
-4.897045944730477052e-01
-4.706787985204423097e-01
-5.416615644347718694e-01
-1.306606284516756755e+00
-5.293422016088986659e-01
-8.717062082578778126e-01
-8.482938148420230418e-01
-1.636650928339862698e+00
-1.294286921690883663e+00
-1.613238534924008150e+00
-3.614840439061695054e-01
-1.132508515055018039e+00
-8.024814029318916297e-01
-9.760674553018841570e-02
-1.892260285713883716e-01
-8.686312166790369771e-01
-1.573505874080740163e+00
-9.602504997202369053e-01
-3.371068328195898078e-01
2.165232742628367402e-01
-6.654326582258835998e-01
-9.592149225274548829e-02
-5.903378393221754283e-01
4.577086148296810597e-01
-1.118025511434570518e-01
-3.670773223974882482e-02
-7.277828219956561373e-01
-6.193700998700066851e-01
-7.929050924897844688e-01
-7.107838071853948003e-01
-6.607416080222641153e-01
-6.023710850597453481e-01
-6.844923703641350166e-01
-5.523288858966146631e-01
-2.079310131316386978e-01
9.926801891426212388e-02
-1.604094694359531059e-01
-8.958620762621486433e-01
-1.040547337530215888e+00
-5.886630442162478216e-01
1.467895626099477158e-01
-7.333483054843151772e-01
-5.269932079772071676e-01
-3.993246437693552808e-01
-5.247156055639573546e-01
-7.380234604812686561e-01
-7.274357663863544321e-01
-6.103548962734167693e-01
-3.970470413561054679e-01
-5.997672021785025454e-01
-3.228652039859599698e-01
-4.881252395305938352e-01
-4.408593576552727322e-01
-4.246362697091245475e-01
-5.093484195358541911e-01
-5.898963052537584684e-01
-6.061193931999065976e-01
-6.746084550804880564e-01
-9.177829997508408777e-01
-1.650945797456981612e-01
-1.587545135190531420e+00
-6.913853420793977245e-01
-2.337612457424550483e-01
6.130307792574493653e-02
-8.348567151853887314e-01
5.189271742626876405e-01
3.658269659046561317e-01
-4.949009638386658860e-02
-3.926991560714784835e-02
-3.294356928688116359e-01
-1.588985044278712344e-01
-7.447527551573343008e-01
-4.545869778956705964e-01
-5.742155667163939547e-01
-1.818246812889899866e-01
-6.890268958503927843e-01
-1.656970038787335398e-01
-2.934527454646345679e-01
-3.612173732851182706e-01
-8.006549600260373101e-01
-6.728992184401363374e-01
-8.684195878465210683e-01
-1.032811493966775629e+00
-3.795612094738060049e-01
-1.120840380185606389e+00
-8.387736653988112634e-01
-8.096164541356811739e-01
-1.855233809058417505e-01
-4.675900956926368757e-01
-1.563661696427116887e-01
-2.434893017979451457e-01
-6.215264331894108096e-01
6.090478711716129645e-02
-2.458546750951362547e-01
5.591568380209266387e-02
-6.238918064866019186e-01
-3.171323442743043675e-01
-3.221214475893730000e-01
-8.319335977861218590e-01
-9.251150588819317955e-01
-4.981971253462113003e-01
-4.253159072737263680e-01
-3.599753542445973120e-01
-5.184973683695363045e-01
-5.913785864420212368e-01
-4.531568153404072485e-01
1.360216102785567482e-01
-4.058327079527874748e-01
-2.900769940053298246e-01
-7.277581424468366755e-01
-3.342215036643683690e-01
-1.269612460678180899e+00
-8.319313122366740476e-01
-8.760758218957126475e-01
-1.001254265410088218e+00
-8.045322878558265334e-01
-9.808217096052901374e-01
-3.865748974724383391e-01
-3.926969846881748216e-01
-1.898529199181766824e-01
-7.840997320510284530e-01
-1.959750071339131650e-01
-8.563303634983081558e-01
-5.190818407100219467e-01
-7.950130840015746658e-01
-7.612710822567485547e-01
-4.296571571479835261e-01
-4.240225594684623456e-01
-4.577645612132884567e-01
-9.240863435969731698e-02
-4.565604763118772391e-01
-2.563300874097494964e-01
-3.435232392162262394e-01
-3.116135857778059570e-01
-2.670606121077028217e-01
-1.113831968756782420e-01
-1.432928503140984966e-01
-6.683022320557506502e-02
-1.637195634532366828e-01
-2.735534819651042060e-01
-3.809491523175103644e-01
-1.558177472927435581e-01
-3.410069179497703939e-01
-2.656516658046110813e-01
-4.907830708293778876e-01
-4.508408364616379171e-01
-4.247282622017150011e-01
-3.436051904790287104e-01
-3.128120565889604965e-01
-5.475922420379065736e-01
-4.729473333936473067e-01
-4.664691703152202829e-01
-2.316889848662742057e-01
-3.918242616709610160e-01
-6.824267310441201051e-01
-4.177912426531976142e-01
-6.990751773363270694e-01
-4.864675782752419519e-01
-9.057008611907124696e-02
-2.218320898843194056e-01
-4.344396889454045230e-01
1.740654022718512994e-01
-5.494358502016838397e-02
-4.734491763605314096e-01
-3.829839285308603847e-01
-8.744240356038142092e-01
-5.747486474671740231e-01
-1.292929626944177235e+00
-8.014895198712234103e-01
-9.932542388075370487e-01
-4.218124714000130449e-01
-6.725279627619290546e-01
-5.558716869407994698e-01
-4.014126267015330485e-01
-4.536376523089019619e-01
-6.521281180634490582e-01
-8.065871783027155351e-01
-7.043531436708180271e-01
-4.802429077213498099e-01
4.633384039645468966e-02
-6.746507189053329023e-01
-1.618430841043940749e-01
-6.318151925662859325e-01
3.647336640134104524e-01
-1.480739707875283750e-01
-1.052384444484814191e-01
-1.222434708270621950e+00
-1.344261383991134817e+00
-1.263254013353847682e+00
-7.921026412353712187e-01
-7.883976384071074150e-01
-9.139293169558840857e-01
-1.385080689074360549e+00
-9.102243141276202820e-01
5.001426711581533624e-01
3.071463665886575711e-02
2.748871152593150291e-01
-8.557222204432700652e-01
-4.929538413625096371e-01
-1.325150254942557559e+00
-1.945409192399725762e-01
-9.623818758617972424e-01
-1.828603410545493468e-01
-2.515903163153435096e-01
-1.804422261543276729e-01
-2.717530661779775647e-01
-3.506433349107186404e-01
-3.404830414387717274e-01
-2.491722014151218356e-01
-4.193733101715128031e-01
-1.349168590397672007e+00
-1.188201611057953189e+00
-1.091154367806820291e+00
-5.606568454175719918e-01
-8.395649352217489092e-01
-3.996898660778531731e-01
-9.301873884671014725e-01
-6.785979558820300905e-01
-6.218567862613969544e-01
-6.632634340514471927e-02
-5.008322275099198473e-01
-6.236649387779941156e-01
-5.836680490685186573e-01
-6.813449592174190828e-02
5.469821534633231841e-02
-2.813760621226644304e-02
-6.879984108122843001e-01
-1.026231790459420035e+00
-8.012011339826332623e-01
-5.971930016753975723e-01
-6.848810823476940701e-01
-9.354263813225333069e-01
-1.139434513629768997e+00
-1.023114461994829805e+00
-2.677919245008442140e-01
-3.924224688354942536e-01
-1.668934712969026846e-01
-2.583158480509911703e-01
-4.426314933923547468e-02
-3.829463923856412100e-01
-2.915240156315527242e-01
-1.688936936738855144e-01
-7.087685422440874738e-01
-1.048598833701561706e+00
-6.996027959993147416e-01
-7.547788837064234313e-01
-7.425963863631072082e-01
-1.094609175163897774e+00
-1.039433087456788973e+00
-1.082426677820581329e+00
-7.484968065748616173e-01
1.607512729366183946e-03
-4.117271746084562034e-01
-1.171761538142301884e+00
-1.504044121242502197e+00
-4.216572188380740549e-01
3.383771446957716256e-01
-7.539398019382743676e-01
-8.458412103194447029e-01
-1.435220421275839264e+00
-1.840988729328230100e-01
1.277578483447153745e-01
-1.102127265321355409e-01
-4.616213626116792978e-01
-7.734780838892176824e-01
-6.995919374885302133e-01
-2.194421660792072182e-01
-6.937947940718371953e-01
-1.436867255305512292e-01
2.787549913957117487e-01
1.422769774536048470e-01
-1.955976365969182562e-01
-6.180393535231811786e-01
-3.320756505390251578e-01
-8.028340998784384563e-01
2.349444499903112493e-02
-8.092124579619153213e-01
-8.706558237695082303e-01
-8.701963257306322141e-01
-4.432727889203871841e-02
1.711608691555416284e-02
-4.386778085316268144e-02
-8.897286174709613249e-01
-9.929986638839061186e-01
-1.248733302847617521e+00
-9.017654042942648829e-01
-1.287395814701600028e+00
-1.005035450707209677e+00
-1.352003349260562315e+00
-1.390665861114544821e+00
5.912917689603519600e-02
1.317371700443024651e-01
-1.603811895821711797e-01
-4.086539556296855946e-01
-4.166688833342532816e-01
-3.360459624814183255e-01
-8.777319643390391057e-02
-3.440608901859860125e-01
-6.329030717382067017e-01
-2.965057414615386300e-01
-8.081746061804027104e-01
-3.433646881952188146e-01
-2.237286321217884510e-01
-6.967357918550742824e-03
-4.717772759037346941e-01
1.126686981548796207e-01
1.281074102602030029e-01
1.945978983870769730e-01
-1.976502434827659416e-01
-1.178497923183778884e+00
-9.474729410123322593e-01
-1.112007435056904914e+00
-1.311597553558919715e-01
-8.809824528854582892e-01
-7.956927451085604730e-01
-3.347127665546096864e-01
-8.009633093299515227e-01
-8.083285558439570195e-01
-8.163086704230324564e-01
-3.473485772900062329e-01
-3.399833307760007917e-01
-3.553286918690816698e-01
4.570060910600287629e-02
-6.374783279566182959e-01
1.558693668831775681e-01
2.547247625872248733e-01
5.603010773720786819e-01
-4.284541744753962433e-01
-5.273095701794435763e-01
-1.228778596905424347e-01
-1.073071879171092480e-01
-8.706579438247044056e-01
3.674172077790411883e-01
-1.919201236757767659e-01
-5.503102574182799911e-02
-9.552708795833719790e-01
-3.959335481285539693e-01
-8.183817816494232122e-01
-1.480179856825884155e+00
-9.975807939807731506e-01
-1.068243037697314213e+00
-1.612416438775057026e+00
-1.100843667772485102e+00
-1.129817375929946133e+00
-5.856439748522033195e-01
-6.182446049273742084e-01
-3.234352356499826664e-01
-4.658607215366160625e-01
-4.094795835669212125e-01
-6.309671520711588322e-01
-5.930942027419037199e-01
-7.733926379577922283e-01
-5.519050694535545531e-01
-7.355196886285371161e-01
-4.439580628808025287e-01
-2.151416151012662814e-01
-4.245594513450888785e-01
4.856564683992998788e-01
2.651538294564808051e-01
7.144729161788361260e-01
-1.957430035655526313e-01
4.939702772360170524e-01
-4.996554792579878113e-01
-5.132679768559206268e-01
-5.306668167631256594e-01
-2.488137521095221960e-01
-2.271873726087593748e-01
-2.624262497074549838e-01
-5.442793143610584750e-01
-2.407998702066921903e-01
-1.573420074524122247e-01
-4.331672946678238878e-01
-1.176815591157986951e-01
-8.568980698510013649e-01
-8.877233026318158693e-01
-1.132723357066413028e+00
-3.935068463312103582e-01
-1.163548589847227532e+00
-9.735316057196241601e-01
-1.088341232827287342e-01
-1.007752494163399515e+00
-1.223061115609980209e+00
-1.406205413210473099e+00
-3.583636331730849500e-01
-1.430550117265040888e-01
-5.415079307735777281e-01
8.349184890268368520e-02
-1.880321212765760919e-01
-1.193011735105369009e-01
1.580557557793979551e-01
-9.140214858770664974e-02
-1.134682143998618220e-01
-3.908251436897967057e-01
-3.629261187669664546e-01
1.377441394274426245e-01
-5.227326867039012726e-01
2.582793683955165731e-01
1.691038861954969330e-01
3.065325962656706427e-01
-4.913729399358469085e-01
-4.021974577358272684e-01
-3.539442298656731989e-01
-1.304683579365337520e+00
-7.422840495133644634e-01
-1.095704190771122022e+00
-9.522280354103778155e-01
-8.770798716787788774e-01
-3.898285055584047587e-01
-5.333046609191489651e-01
-3.146803418268058206e-01
-6.457246796979919656e-01
-9.310589091672912820e-01
-5.995337903352313536e-01
-7.370438294219576747e-01
-1.520445436972643893e+00
-1.022378058891256991e+00
-8.848680198045306700e-01
-1.805779666441943210e+00
-6.930538116942349669e-01
-6.309561495657268759e-01
-4.462105647736087644e-01
-3.109329411009637556e-01
-4.419569941164003812e-01
-2.488352789724556646e-01
-3.841129026451006734e-01
-3.798593319878922903e-01
-3.550294377015691394e-01
-8.735590336041268444e-02
-3.013324392510294825e-01
-2.682793015366436995e-01
-1.321786716578996490e-01
-6.057671954871890474e-04
-3.365890490987297201e-02
1.354948626832568337e-01
-1.107227603732812593e+00
-1.031687577082979868e+00
-7.936872099306980788e-01
-1.349532664918419389e+00
-8.272758744555497312e-01
-1.273992638268586663e+00
-7.181471832808653533e-01
-7.517358478057170057e-01
-6.414469069581815175e-01
-2.455565099384972028e-01
-5.873006592547596050e-01
-9.250200139150899226e-01
-9.442688544483034407e-01
-5.291296168954056078e-01
-1.914102622350753458e-01
-5.483784574286191260e-01
-4.320783433797822370e-01
-1.351871161285327361e+00
-4.152039854808899921e-01
3.465515988770563882e-01
3.282991012208674730e-01
-5.732412190284887910e-01
-1.334996803386435227e+00
-5.914937166846777616e-01
-1.468896246563975994e-01
-7.760606748100702390e-01
-1.715217999318049968e-01
-1.443871813350636746e-01
-1.181691352635276804e-01
-7.735582314887363697e-01
-8.006928500854777475e-01
-7.473401854172003755e-01
-6.762619123993498516e-01
-1.244054857772419753e-02
-7.454360060042527492e-01
-1.436345823871362448e+00
-1.311033196332362483e+00
-7.725244600497368497e-01
-8.161464218262703962e-02
-6.472118325107367731e-01
-8.575842759322167552e-01
-8.617032539780975497e-01
-6.498090678289606403e-01
-5.977973013873572050e-01
-5.882453147100418223e-01
-6.019162794332379995e-01
-6.539280458748414349e-01
-5.923642927559226168e-01
2.403490011134519211e-01
4.041783966609611145e-01
3.479159763503304470e-01
3.606995330836889613e-01
4.940925763788404090e-01
5.245289286311981547e-01
5.117453718978396404e-01
6.579219719263496025e-01
-4.065635605104812589e-01
-9.898863947339900937e-01
-4.099423223964218099e-01
-6.053717267679764591e-01
-6.149871288788064660e-01
-1.188694560991485183e+00
-9.932651566199306448e-01
-1.198309963102315301e+00
-4.435870353260252807e-01
-2.729367310309026573e-01
-4.465063840036607723e-01
-5.250984860865169912e-01
-5.265694786509182990e-01
-3.544481817913944233e-01
-2.758560797085381489e-01
-3.559191743557956755e-01
-1.019232351078550147e+00
-7.273936120112339809e-01
-1.515599503578740181e+00
-9.375156115691173353e-01
-2.546741962210431476e-01
-6.456768725018012800e-01
-1.223760764511424126e+00
3.716454284627290772e-02
3.504361230039543251e-01
2.711108428516930680e-01
3.715128143690066276e-02
-2.269345967429336752e-01
-1.913158246157994069e-01
-3.062598768951949046e-01
-4.217399871536059441e-02
-2.706411047680606363e-01
9.471316104580297657e-02
8.375369971443548389e-02
1.515872185108632642e-02
-1.408862300262221645e-01
-2.706964520666280127e-02
-1.518456913575896572e-01
4.199260519718833740e-03
-3.802910653803029395e-02
-9.070471615880267846e-01
-6.173844828620093095e-01
-9.343401829252593327e-01
-6.439076230108335963e-01
-5.607546690607484452e-01
-3.542449442848160657e-01
-6.446775041992418576e-01
-2.710919903347309701e-01
-3.973614624106771576e-01
-3.730121016143628232e-02
-3.079298651266150211e-01
-4.627681087163943996e-01
-3.934816026466016470e-01
-1.027078564671535521e-01
5.213038712262585417e-02
-3.342135039736077173e-02
-1.150269569004226167e+00
-1.614264588909495313e+00
-7.388177429943010299e-01
-6.678836460666064401e-01
-5.218985907733533214e-01
-1.131878665971875586e+00
-1.202812762899570176e+00
-9.858936106786224673e-01
-4.270787124383220723e-01
-5.238348084363112500e-01
-8.394606504997353946e-02
-5.196773269850822885e-01
-6.168454036128369067e-01
-6.164334229830714662e-01
-1.807021610479627172e-01
-7.136014996108260844e-01
-1.115174342338977720e+00
-5.442718737023457543e-01
-9.311617179784121845e-01
-1.827126927038165149e-01
-3.752132807675803705e-01
3.881897759328154507e-01
-3.602592493417802189e-01
1.956891878690515951e-01
-7.278136892343846087e-01
-6.999255355547157054e-01
-7.654373787119551631e-01
-7.576049711721933866e-01
-7.815638657519889954e-01
-7.297168174925244832e-01
-7.375492250322862597e-01
-7.536757120723200920e-01
-2.548602139911636533e-01
-4.336887868455633344e-01
-2.492695500205374948e-01
-8.464699339091333874e-01
-8.201967000980571187e-01
-1.025298506763533180e+00
-4.280981228749372036e-01
-9.990252729524567998e-01
-5.437871834753424949e-01
-8.181385260565550155e-01
-8.897786796700468681e-01
-4.327788826937997713e-01
-6.661937008052929432e-01
-7.071302252750122364e-01
-1.164130022251259389e+00
-9.405450433865054638e-01
-1.817097018600201119e-01
-2.417904927522634972e-01
-8.127647509217241772e-01
-2.566415409425520933e-01
-8.212705406468697733e-01
-3.167223318347954786e-01
-8.728455418139675626e-01
-8.813513315391131586e-01
-5.864870232735666100e-01
-2.403385090847405814e-01
-7.107085965671174899e-01
-4.206422849988337154e-01
-2.655969777205265947e-01
-7.449377081000760348e-02
-3.645600823782914057e-01
8.055153646829948944e-02
-2.515763117082691624e-01
-5.650142597116804000e-01
-2.614404870054284347e-01
-8.577616446018765384e-01
-7.909600193345930341e-01
-1.171199592605287831e+00
-5.748784350088397277e-01
-1.104397967338004438e+00
-5.824211204307289114e-01
-4.893121460335464468e-01
-6.190460283453798063e-01
-6.220780587118268645e-02
-2.191175704334602514e-02
3.090116852599977815e-02
-5.259370539481973417e-01
7.119721735383643946e-02
9.154036222091277430e-02
-1.006491868750158947e-01
-1.242428738473645433e-01
-5.490583215249991156e-01
-5.352341922158289078e-01
-7.412478706209277846e-01
-3.164324229432932123e-01
-7.274237413117575768e-01
-8.985246985208635850e-01
-4.305901496660356487e-01
-1.258658404172670275e+00
-9.016301393114658502e-01
-1.603208439831798726e+00
-4.336955904566379694e-01
-7.907238553178423945e-01
-1.135273890976970845e+00
-1.540855988281885081e-01
-8.461607815119543963e-01
-1.947370453733820728e-01
-1.716956045653996732e-01
-1.952898635384434090e-01
-8.637707872491655614e-01
-8.868122280571479887e-01
-8.873650462222092417e-01
1.736238059055503213e-02
-7.548982741271287322e-01
2.061484869505740558e-02
2.566044089693056418e-02
2.914267596745870326e-02
-7.466002138207532557e-01
-7.516458060226264282e-01
-7.431179787502251166e-01
-1.426189178614080788e+00
-9.366180924830445065e-01
-1.586722585745188319e+00
-1.052034430578775437e+00
-1.115467181944598263e+00
-5.624633444477391553e-01
-1.097151499614152037e+00
-6.258960958135620922e-01
-5.506379140235155845e-01
-4.517259617961615903e-01
-4.698021792947469355e-01
-9.029291725450264705e-01
-1.079823207482768499e+00
-8.040172203176724208e-01
-3.708902270673928858e-01
-9.809112552554144493e-01
-7.255051031528169103e-01
-2.399906569911295084e-01
-5.682065371017352984e-01
-1.511163752958371576e-01
-3.818811635561720763e-01
3.343980708658502166e-01
-8.269209094004797977e-02
1.036332826055152978e-01
-3.711014261451984764e-01
-2.368185028416539550e-01
-1.579795697194308901e-01
-3.853714400610368518e-01
-2.696180312459500739e-01
-2.510885167574923305e-01
-2.369664641588636878e-02
-1.353351079424055803e-01
-7.439869444175943869e-01
-8.407623327627167242e-01
-7.354999027991901972e-01
-1.218051503770225086e+00
-1.127704904620217663e+00
-1.314826892115347423e+00
-8.322752911443125345e-01
-1.224480292965340000e+00
-6.321175526859311722e-01
1.266570845587106364e-01
-7.726046927737888481e-01
-9.034884888000028758e-01
-8.582719509151107706e-01
-1.447138515553610949e-01
-1.383005552914703951e-02
-9.949731367046901753e-02
-6.690341841676312740e-01
-1.265142030293591624e+00
-7.491271939066250773e-01
8.432032155644598737e-01
9.457425489508672900e-01
2.470953694384995236e-01
-1.345235040032585427e+00
3.496347028249069400e-01
-2.914701130005880048e-01
-7.725379688429995229e-01
-3.730073961371035418e-01
2.589236773590250507e-02
1.534570475548057700e-01
-4.551754881065089853e-01
-8.540752519795150599e-01
-3.276108082876057481e-01
-7.825312878929622240e-01
5.245033800671025648e-02
-9.567750517443600611e-01
-1.602860981515684013e+00
-1.094546839417123163e+00
-7.678793556160115052e-01
-1.217934258446876084e-01
-2.595652135174506547e-01
-6.809646306554051343e-01
-1.041196988522467226e+00
-7.472941995776556379e-01
-6.628882057995792998e-01
-7.137844353037303691e-01
-1.023120563666641392e+00
-1.107526557444717730e+00
-1.074016793170792461e+00
3.630219240244332291e-01
1.945567995812598205e-01
2.719558982307702655e-01
1.918568262384896528e-01
1.242123922780266065e-01
2.339170179531624427e-02
1.034907737875968570e-01
-4.425273216514680197e-02
-2.658102063361220124e-01
-5.098094640198759242e-01
-2.634268997292135706e-01
-3.856774737751688109e-01
-3.021194754297809593e-01
-6.296767314589227782e-01
-5.074261574129674823e-01
-5.461187331135349821e-01
-2.346023835290264037e-01
2.833202628370333764e-01
-1.159924282212161928e-01
-2.490953388340374497e-01
-1.354764069010432337e-01
2.688273075320223304e-01
4.019302181448435873e-01
3.824462394650165464e-01
-1.370620189437105951e+00
-1.235485440322592554e+00
-1.405669404231826736e+00
-5.821063511534283474e-01
-5.511261489037807548e-01
-4.469716020389148947e-01
-1.270534655117313338e+00
-4.159913997892673576e-01
4.657744956354730181e-01
2.374204802478783183e-01
1.359512571677782278e-01
-5.896323669010459234e-01
-3.477905494133435305e-01
-8.179863822886406233e-01
-9.240275821981647209e-02
-5.761445648009382303e-01
-7.793861280347383347e-03
-3.354364175602450593e-01
-9.706482409111288900e-04
-3.406052672084349808e-01
-3.777763235455059987e-01
-6.682478234883326706e-01
-3.286132045208088326e-01
-7.054188798254037440e-01
-1.108793988312374523e+00
-1.190882813605259827e+00
-1.072851112880629731e+00
-7.025855754191243641e-01
-7.218630224992144129e-01
-7.846744007120096676e-01
-1.154939938173515035e+00
-8.039518477920997164e-01
-6.478823298327591740e-01
-1.010232107453015588e-01
1.016474009228920394e-01
-6.532055065800399518e-01
5.674585778971996675e-02
-1.063463874925822811e-01
6.485065200103496963e-01
6.036049768771776236e-01
-6.662900153116779745e-01
-9.977937390597062528e-01
-5.375668846286925096e-01
-4.979210594598494910e-01
-4.534419700799485198e-01
-8.294247832078777138e-01
-8.690706083767207879e-01
-7.849456938279767426e-01
-8.152406510758269942e-02
-6.144695052583800665e-01
3.696425965192207119e-01
-5.723020229884159260e-01
-7.403175520094318340e-01
-1.105247463139213293e+00
-1.633028436315766552e-01
-1.273262992160229201e+00
-1.286498577864147785e+00
-1.096747617767430905e+00
-7.283203856479416594e-01
-1.157066146266326756e-01
-5.909703977536450159e-01
7.404434547008420520e-02
-5.385694255512247786e-01
-4.012194376569281351e-01
-7.530443328400778791e-01
-6.571323466455268880e-01
-7.522925199963337306e-01
-6.880134933827681820e-01
-6.168932888514762070e-01
-5.921015071882171910e-01
-6.563805338017827395e-01
-5.209813026569252159e-01
-3.945904960961718611e-01
-4.510589921952862791e-01
-3.836238407313483090e-01
-4.308877674180807693e-01
-4.185993854384078561e-01
-4.873562635171951873e-01
-4.400923368304627270e-01
-4.750678815375222741e-01
-2.780680748435862548e-01
-1.446145389962203986e-01
-8.946819688229613599e-01
-2.409326397380869289e-01
-3.101136806166777671e-01
-1.074791038907210727e-01
-7.612284329755955037e-01
-1.766601447693119387e-01
-6.232952432212321980e-01
-2.834912476566522344e-01
-7.678867509366579247e-01
-4.308397067718813256e-01
-6.693717606839817424e-01
-9.103571120730136190e-02
-4.280827553720779610e-01
-3.295677651194018343e-01
-6.172661034832243043e-01
-3.595841646636370736e-01
-5.823792025866167954e-01
-5.123890574468977777e-01
-5.322081219101524319e-01
-2.547071186273105470e-01
-3.246972637670295092e-01
-2.745261830905652567e-01
-1.050589742911751667e-01
-5.146693258387740055e-01
-9.255577186736918538e-02
-1.016152725170852644e+00
-1.048457816042100532e+00
-1.425763076718451483e+00
-5.021661234149680242e-01
-1.458068167589699371e+00
-3.618171829624468039e-01
-7.174820396943384360e-01
-1.359540553355659542e-01
-3.813699151893611416e-01
-5.451057237532804800e-01
-7.370347719212527737e-01
-4.916189120674575586e-01
-9.007705804851721121e-01
-1.020574553580612553e+00
-6.927317061364954842e-01
-1.095187221728832538e+00
-3.709246664657153136e-01
-3.460024058149329118e-01
-4.308181902159824439e-02
-7.673443742847154692e-01
-1.815955837081581481e-02
-8.140429590945235105e-01
-7.948222045903197142e-01
-6.231099651274222273e-01
-7.707809108487371219e-01
-5.109756670851942628e-01
-7.515601563445333255e-01
-6.038892106232184309e-01
-4.917549125809904664e-01
-3.035355574168862591e-01
-4.756384250425400029e-01
-2.394964047620172509e-01
-4.335844963370684146e-01
-2.712025552982947341e-01
-6.056873639627221584e-01
-4.115992723876709669e-01
-4.433054229239484778e-01
-3.108919673843330012e-01
-5.785308853967136011e-01
-7.826522534920166141e-02
-3.866070125986674211e-01
-7.883248964749743626e-02
-6.542459306110479655e-01
-3.459041433615822614e-01
-3.464714076598780501e-01
1.200594232053783239e-01
5.132834339601066720e-02
2.551702816818446351e-02
-7.015557858933183510e-01
-7.086024314605660068e-01
-7.702868657026860078e-01
-4.321405164118319320e-02
-7.773335112699336635e-01
-7.017757582706087849e-01
-9.866976246653741400e-02
-8.009750109512461247e-01
-4.618584445139471972e-01
-1.943852802516747302e-01
1.412475512901242014e-01
-1.978690151471746705e-01
4.087207155523966962e-01
-3.106762275682023455e-01
-3.830362393171719004e-01
-3.692745874920094762e-01
-5.162871413315752722e-01
-4.905076980237108586e-01
-5.886471530805448271e-01
-4.416345992409790311e-01
-5.628677097726804135e-01
-5.239650973526568389e-01
-8.640040441823930717e-01
-6.775337120111721845e-01
-5.396391304488320495e-01
-7.175167985800995352e-01
-8.796780772785682823e-01
-1.017572658840908417e+00
-1.057555745409835879e+00
-6.310095822373353869e-01
-2.016747759589874456e-01
-7.014351034805175189e-01
-1.297384624677354603e-01
-5.437728276866042876e-01
2.995963438106125087e-01
-2.721002972021694943e-01
-1.144380214082563740e-01
-9.178886595342551358e-01
-6.330076479513441212e-01
-9.597349921784308346e-01
-8.247842531207254524e-01
-7.985077816474182022e-01
-5.399032415378144378e-01
-6.748539805955198201e-01
-5.136267700645071876e-01
4.011292882964088702e-01
3.307034072235300326e-01
5.642979235135535676e-01
-4.361451857280151390e-01
-5.798327049672353795e-01
-5.065710668008940321e-01
4.938720424406747300e-01
-6.502585860401142170e-01
-8.577019881297423542e-02
-8.781719647188260258e-02
1.493814398801646681e-01
-1.502823976520957228e-01
-2.716485488180896413e-01
-1.523293953110040899e-01
1.473344422212563010e-01
-2.736955464769980084e-01
-1.110003297971193126e+00
-8.273152111187618285e-01
-9.814370109941594755e-01
-2.918888729821759176e-01
-9.033225889202387560e-01
-9.200786129744620290e-03
-6.987489241417281782e-01
-6.206345020678074587e-01
-2.994904806570187206e-01
-1.807625982643142337e-01
-2.915150962658280553e-01
-5.069723527998144519e-01
-5.052629597263174066e-01
-3.882444704071099650e-01
-1.727872138731235685e-01
-3.865350773336129753e-01
-1.092298520733479217e+00
-1.812996611003640846e+00
-7.955708839207809024e-01
-1.090109706327833550e+00
-7.941803656810385581e-01
-1.810807796597995178e+00
-1.516268974190942531e+00
-1.514878455951200298e+00
-2.629777020092496920e-01
-4.217517959643347913e-03
-2.743974334711653529e-01
1.716541177081415404e-01
-6.062074444794460226e-02
4.304143017577478636e-01
-1.563724942155902964e-02
1.981394396016617210e-01
-1.028564500184599106e+00
-9.460489801409279753e-01
-1.014076790758492219e+00
-8.073931359348657244e-01
-8.006983039336812435e-01
-7.248776158911945933e-01
-9.315612707148209770e-01
-7.181827838900101124e-01
-8.184646449534238588e-01
-1.812408722488225155e-01
-3.341774139967016444e-01
-1.144403567542221944e+00
-1.669780634965836175e+00
-5.071797948376206566e-01
3.030463587078996435e-01
-1.032556862261234887e+00
-6.428771078494917024e-01
-1.305967876119686233e+00
-4.142509972793845252e-01
-4.578818481922017347e-02
-1.133157631022070205e-01
-7.088789530894147317e-01
-1.077341765549578945e+00
-7.764065313724015649e-01
-3.448221469562527675e-02
-9.069381580714511726e-01
-7.698118746828901127e-02
5.210923907318185111e-02
2.566694901994095446e-01
-8.203467043026440031e-01
-9.494371308441148516e-01
-6.157864531764163374e-01
-6.401687784821877836e-01
-2.350308959142456411e-01
-6.300848989961835844e-01
-1.026820684244327708e+00
-1.038329068059936411e+00
-6.216828016763854547e-01
-2.249470164282414975e-01
-6.331911854919941574e-01
-9.759841748951879614e-01
-9.731445388375726813e-01
-1.570613937079411659e+00
-8.908574456053668378e-01
-1.295594811401637791e+00
-8.880178095477515576e-01
-1.567774301021796379e+00
-1.292755175344022511e+00
6.187049641319664062e-02
2.167995913610711867e-01
-3.629201195216638642e-01
-6.781295807210424575e-02
-3.692789695357541202e-01
8.711613687577030030e-02
-2.079910245737893182e-01
-2.143498745878795464e-01
-6.831393103965892610e-01
-7.034633310431017694e-01
-1.152377176101610168e+00
-4.767632723914776438e-01
-4.739792287350160782e-01
-4.970872930379901522e-01
-1.172701196748122676e+00
-4.943032493815285866e-01
-2.659508363142991660e-01
-5.331267212316775916e-01
-5.748496415277031257e-01
-1.167767052413903661e+00
-7.986436505191961688e-01
-1.434942937331282087e+00
-8.420255264450815513e-01
-1.065819535436574483e+00
-8.076324902923445181e-01
-1.998935102002362962e-01
-8.036208463468371699e-01
-8.040248758789919625e-01
-8.009413983758073563e-01
-1.962858957868836851e-01
-1.958818662547289202e-01
-1.932024182836991621e-01
3.148550536208173933e-01
-1.977458469845035371e-01
1.922155229865208370e-01
6.214488354224496636e-01
4.116705645200416930e-01
1.088479348171287331e-01
-3.203853776188000935e-01
-1.009303360852792375e-01
1.171232476194529193e-01
-2.844437970484466893e-01
3.836973388232894910e-01
-1.001213188835994028e-01
-9.452177271514039525e-03
-5.016883635514990392e-01
-1.786970584461011757e-02
-4.110192219394136481e-01
-1.305582736565085833e+00
-5.001245913489784645e-01
-1.159452555873328405e+00
-1.314648831924588590e+00
-1.165404328757952079e+00
-5.091906867084812216e-01
-3.539944106572210369e-01
-3.599461835418446554e-01
-5.187847315814670957e-01
-7.954524633955535329e-01
-5.116543809925818698e-01
-5.435621904881808852e-01
-5.588374477057753698e-01
-8.202299223022673225e-01
-7.883221128066683070e-01
-8.355051795198618070e-01
-5.347399805936559058e-01
-4.793671370748027183e-01
-6.746361581088544668e-01
2.107189671060938352e-02
2.424722146874886963e-01
7.644474022946257108e-02
-6.192633145900012792e-01
2.978450582063418839e-01
-2.710205132086038193e-01
-8.950152007807254950e-01
-1.517624018909680128e-01
-2.311090712474020703e-01
-1.818982722857470646e-02
-8.551037588195237182e-01
-7.757570894630896330e-01
-6.421845148006963822e-01
-7.101571576943620512e-01
-6.735128339653834173e-01
-6.155241182403550226e-01
-9.761105684865243326e-01
-7.481286147750391136e-01
-9.394662447575456987e-01
-5.788797945113763888e-01
-7.114842910460604797e-01
-5.251953605680030890e-01
-2.737408675370973654e-01
-7.003956002924658364e-01
-1.049361094534873029e+00
-9.704975955742008997e-01
-7.979066015039671944e-01
-4.489411072615601128e-01
-7.190431025432951762e-01
-7.764325430377356785e-01
-7.403013035415642040e-01
-6.885557837899035638e-01
4.381681740448465368e-01
3.374387260647340181e-01
4.742994135410180112e-01
-6.524245442937320894e-01
3.735699655609054926e-01
-1.442213447590924291e-01
-9.037286767862806602e-02
-1.880359781673980324e-01
-3.766843873978489854e-02
1.034099784852096915e-01
1.618003834067946456e-02
-1.341875010869336693e-01
1.572584555656740546e-01
-4.626825552932394281e-01
-2.953334374851954713e-01
-7.817251637397115704e-01
-1.569145787991326646e+00
-7.990272610378367224e-01
-1.401796670183282689e+00
-6.143760459316676137e-01
-6.316781432297927656e-01
-7.060015254639130378e-01
-2.730514963142615104e-01
-9.784567403522519413e-01
-6.900812144928547553e-01
-7.716700264709458468e-01
-2.571311853432032279e-01
-5.455067112026004139e-01
-3.387199973212943194e-01
-2.531947856521721274e-02
-3.543118425620209733e-01
-9.659914455412466072e-02
1.228257943592659940e-01
2.813558254840520245e-02
-2.061665696375377665e-01
-4.255915085509284213e-01
-3.008567814483985581e-01
-7.893029526389224726e-01
-9.542845199397785860e-01
-6.343458376336057469e-01
-1.089964333951126685e-01
-2.113265644078318739e-01
-2.739780006959687819e-01
-7.993274049344618604e-01
-3.763081317086879873e-01
-1.991481266210702872e-01
4.915878840495916391e-01
-3.409226646697253726e-01
-1.031046286865581418e+00
-9.427273439548653489e-01
-3.403102761949194921e-01
3.498133460009365536e-01
-2.519913332842034781e-01
-8.523003882701536416e-01
-8.919265777776976822e-01
-9.842816649147516639e-01
-9.119793159371910596e-01
-1.281621030658774973e+00
-9.516055054447351003e-01
-1.023907854422295705e+00
-1.321247220166319014e+00
1.648204672297506057e-01
-1.445900228658647813e-01
6.324536956241758046e-03
2.396625849712474832e-01
1.902187670031797034e-02
-6.974790512436790380e-02
-3.030859531393736428e-01
-2.903886133952974236e-01
-1.073530453101820686e-01
-3.444576074213809846e-01
-1.231026467667735158e-01
-1.057565778867266409e-01
-1.218688270233949933e-01
-3.428611399979255570e-01
-3.602072088779724179e-01
-3.589733891345939232e-01
-1.389067570226259596e+00
-1.317553764687843687e+00
-1.679573912406617131e+00
-9.944813907615542847e-01
-1.006720249510327125e+00
-9.229675852231383759e-01
-1.608060106868201222e+00
-9.352064439719112166e-01
-5.926163751290377535e-01
-2.007082705975708203e-01
-5.645351119638888360e-01
-8.303604340699655140e-01
-1.090337867035743091e+00
-4.384523295384984976e-01
-1.726270074324219306e-01
-6.984297625042760194e-01
-6.506288060835323517e-01
-1.075148281632991809e+00
-4.879122097202379660e-01
-2.449083167779964043e-01
-2.662332514606454703e-01
-6.694277923274558617e-01
-9.124316852696974234e-01
-6.907527270101049277e-01
-1.196776675364497888e-01
-1.565906508198503244e-01
1.623301048449220518e-01
-2.968606463023376052e-01
-3.487784762983792142e-01
-3.337736295857381408e-01
1.254171215615215162e-01
-3.856914595817797498e-01
-1.370407692756168583e+00
-1.543973014358095863e+00
-7.903582951317612570e-01
1.156600252365519443e-01
-3.918999828865123991e-01
-5.790529636537533609e-02
-9.639236167336885375e-01
-5.654653044884396795e-01
-9.157383965022437566e-01
-8.144995399485750742e-02
-8.379247892553972621e-01
-9.401900126589839424e-01
-9.110741874006144103e-01
-1.059015701515977070e-01
-3.636346748011096142e-03
-7.678574489322823049e-02
-2.259122975165445135e-01
-6.534123973915774153e-01
-2.639552794776507394e-01
-5.936849639685286562e-01
-7.917055266405746972e-01
-1.021185063843561558e+00
-6.914553793526836412e-01
-1.219205626515607488e+00
-1.566180291639197031e-01
-7.974226421730148395e-01
-4.083020904659797057e-01
-8.715477257102677289e-02
-1.954543015379293092e-01
-7.279593855801219648e-01
-1.049106703475074953e+00
-8.362589145470245011e-01
-2.854966531443084987e-01
4.534233900782976834e-01
-5.123707714778122924e-01
-4.925540902545770261e-01
-6.397386910058111553e-01
2.463659529680291560e-01
2.265492717447938342e-01
9.918135221679505453e-02
-9.578007727429467266e-01
-1.222770555646737201e+00
-7.396157613254918939e-01
-5.781171090267576140e-01
-7.092975683637949835e-01
-8.430868919305480880e-01
-1.004585544229282368e+00
-9.742673512675854575e-01
-4.193218470244896579e-01
-4.311994182571065592e-01
-4.187358178107412621e-01
-9.189912918477181059e-01
-9.369905676863790056e-01
-9.308688630803350073e-01
-4.306133890433581635e-01
-9.488681389189959070e-01
-4.877306932839728937e-01
-2.353353064763523683e-01
-5.233974653370242480e-01
-5.238645611812718927e-01
-6.240127790246288164e-01
-2.714691743736513674e-01
-2.710020785294037227e-01
-3.716173922170082911e-01
-5.197495354120920119e-01
-6.153203455512712416e-01
-4.814528043507888544e-01
-5.183991634772439072e-01
-4.796223403291227649e-01
-6.139699736164231370e-01
-5.770236144899680841e-01
-5.751931504683019947e-01
-9.677944405202834055e-01
-5.947142064769832537e-01
-1.136764996757626545e+00
-4.523823397663945256e-01
-1.628275820444816668e-01
-7.930210572309437378e-02
-7.636847627143265038e-01
2.102526519988184850e-01
6.873308829048133672e-01
-1.619308480045341669e-01
2.380488373932233004e-01
-1.871850922825528118e-01
-1.131414987550334872e-01
-1.036446823191900402e+00
-6.112128935161242893e-01
-9.624032296643810769e-01
-3.332676140211920934e-02
-6.347956606894026299e-01
4.728279235059751340e-04
-5.392320892232579377e-01
-5.910103992207391688e-01
-1.140700988510541247e+00
-6.009960713637774177e-01
-1.192479298508022589e+00
-9.285896695180227978e-01
-3.616871698720744432e-01
-9.271960617895149692e-01
-4.629372009929275111e-01
-6.233906131993778299e-01
1.039652986530208989e-01
-3.602935621435665592e-01
-5.648811355342936436e-02
-3.812175138784623663e-01
-3.573731386033869306e-01
1.080408564952463069e-01
-3.646508735857874051e-01
1.744862696511183531e-01
-3.408064983107119694e-01
1.318852317703217425e-01
1.983306449261937887e-01
-8.928108356379832466e-01
-5.764037697994078835e-01
-4.481012270506473660e-01
-6.711379652235965887e-01
-4.114767318492259518e-01
-3.547308993850212255e-01
-1.316941612120720029e-01
-9.506966601065056088e-02
-4.264742441343177259e-01
-5.401361908631432396e-01
-4.490093288381319381e-01
-3.986656641831491377e-01
-4.135086569916724408e-01
-5.123276109119747623e-01
-5.626712755669575072e-01
-5.271706037204980655e-01
-2.540647442726865490e-01
-6.760258720530644139e-01
-4.441573260361158515e-01
3.256523829026963801e-01
-2.249093207755689661e-01
-9.630874487768148473e-02
-8.661184538164936608e-01
-6.468704485559468864e-01
-1.078696499689321353e+00
-3.170936527837321384e-01
-9.351513141123011241e-01
-8.823316052925964659e-01
-9.052752023581454033e-01
-1.207287583870073205e-01
-1.735484672067119927e-01
-1.436723554525563551e-01
1.567803256112533239e-01
-2.655094845321578356e-01
3.030115691765556951e-01
-8.469046940808389046e-01
-1.062101303392389173e+00
-1.269194504224250064e+00
-1.192782409668554644e-01
-1.484391113535800333e+00
-7.849004048909115350e-02
-5.926518191030161198e-01
8.264273634953245296e-03
-8.190880992536041239e-02
-4.486860505063993698e-01
-5.960705885392854064e-01
-5.058975049789717904e-01
-9.628478291203244055e-01
-9.936838027459909961e-01
-3.315360749510457561e-01
-8.437491216808804539e-01
-3.402336383635043981e-01
-6.152791426838466471e-01
3.219140894314408419e-01
-1.816013938859352139e-01
4.686858511109853742e-02
-3.829262259781731625e-01
-5.176814406544341107e-01
-3.948200169018192263e-01
-4.891624631626644293e-01
-4.962163843452771506e-01
-6.239176778389253775e-01
-5.295752315780801744e-01
-6.309715990215380987e-01
-1.014721113775044703e+00
-8.492199243569076295e-01
-9.342627748851484171e-01
-1.033227807765855211e+00
-9.501224771025835736e-01
-8.677266183477180261e-01
-7.687615854670113436e-01
-7.846212876844465001e-01
-3.052797923207793418e-01
6.554849069858455224e-02
-2.017599858593349671e-02
-5.238829809662899351e-01
-7.896455939141904246e-01
-1.530546979469259994e-01
3.506522844334303834e-01
-4.188173108948265444e-01
-1.172895622856559239e+00
-9.466498619388955538e-01
-1.077781122642225808e+00
-6.742642679653720883e-01
-6.873104005379560011e-01
-4.480185070477085141e-01
-8.515353617245622342e-01
-4.610646396202924269e-01
-7.695626253294932662e-01
-2.736828886005270300e-01
-6.722134599723936788e-01
-4.843700066769739965e-01
-7.115010219807671454e-02
1.150973005199223964e-02
-1.763337232434274426e-01
4.247296345308895216e-01
-3.223752880799231058e-01
-1.095972148548310710e+00
-7.413004323491265146e-02
-1.190668452668512678e-01
-5.563298580187230752e-02
-8.926637057352388993e-01
-8.477269037033002830e-01
-8.292298462702598627e-01
-3.717614396352072470e-01
-1.151451451039661844e+00
-2.671481355315866169e-01
-2.954507032609932082e-01
-2.272546913958854164e-01
-1.075140714665447916e+00
-1.046838146936041269e+00
-1.006944702800340208e+00
-3.111729784323348236e-01
2.491848120079861451e-01
-3.873121653285523935e-01
-6.953539957531386095e-01
-7.248118148932526372e-01
-1.349962053128176132e-01
1.730456251117685751e-01
-1.644540244529316408e-01
-6.002802184552251674e-01
-7.507742938354908802e-01
-6.699695131881444610e-01
-5.584458052854144317e-01
-2.724911618348814235e-01
-7.089398806656801444e-01
-8.204635885684101737e-01
-4.229852372151471362e-01
-3.670966313987739094e-02
2.743159173220627300e-02
-1.477280378831911378e-01
-3.905440703126342172e-01
-3.192306748532701688e-01
-3.264028154405505533e-01
-8.358678301110747388e-02
-2.550894199811865048e-01
-3.626688189093686399e-01
-8.407922285829402265e-01
-8.112379061082254372e-01
-2.733455065994778166e-01
7.422070056818053096e-03
-7.514689162730494587e-01
-1.289361315781797135e+00
-4.707013396167535335e-01
-1.163823547783662815e-01
2.068962893438170414e-01
-5.503959040233625810e-01
-9.025460014890183125e-01
-6.324222038290122638e-01
-5.792673573668349896e-01
-2.271172599011792581e-01
-3.091435597068289409e-01
-1.099282088653489309e+00
-7.056534746301615924e-01
-1.139930775434032206e+00
-1.089032764206967041e+00
-1.125741657244926142e+00
-6.954041501836392136e-01
-7.463021614107043789e-01
-7.321130432215982031e-01
-4.389429190457161400e-02
2.489899093955461051e-02
-8.591525809113290113e-02
3.124493706300314755e-01
1.428374704844176946e-01
3.812426534741577000e-01
-1.712197524700667661e-02
2.116307533285439191e-01
3.034052893695218800e-01
1.440325778153522251e-01
4.619461549349276885e-01
-1.373179637674974002e-03
3.530196823637695575e-03
-1.607458911918446254e-01
3.025734433807580337e-01
-1.558425147305319558e-01
-1.620730218308509052e+00
-1.432547472248316467e+00
-1.146293849807821452e+00
-1.525994587350372189e+00
-1.108768079464495626e+00
-1.337811841290179604e+00
-9.581111037476288672e-01
-9.205853334043030411e-01
-6.228768592503156620e-01
-4.073301339324798542e-01
-5.861134562588372621e-01
-6.984193283514851247e-01
-6.994176859648260081e-01
-4.828726030336493169e-01
-3.705667309410014543e-01
-4.838709606469902003e-01
-4.339231764342851294e-01
-9.956226962994999541e-01
-4.429849370444621237e-01
1.317802846048865550e-01
2.573970926066397880e-01
-4.299192352603282696e-01
-1.004684456909676893e+00
-3.043024272585750367e-01
-3.582638803270588590e-01
-5.569920384657511825e-01
-4.462817989602799185e-01
-2.589942687449474645e-01
-4.131571880963709198e-01
-4.577224268836398435e-01
-6.450099570989722420e-01
-6.118853462350632988e-01
-7.828092246565034884e-01
-3.598431392821482278e-01
-8.154156515214777690e-01
-9.619733324265552499e-01
-1.044753301219678576e+00
-5.390072470521999337e-01
-3.924495661471224528e-01
-6.217872158453233711e-01
-7.809526613208513934e-01
-8.580817561822992046e-01
-4.689779689679986485e-01
-8.249323992380644954e-01
-1.192396562537739513e+00
-9.020614940995123066e-01
-5.461070638294465152e-01
-1.269525657399187324e+00
-6.518608708984209299e-01
-9.834999670392824411e-01
-5.510051690976801586e-01
1.293825277457310574e-01
8.702294823508111010e-02
-2.022565683951304538e-01
-8.826442652385416698e-01
-2.446161479057804011e-01
-2.928972722421842589e-01
-4.229172154720383658e-01
-3.219148410813895689e-01
1.806064642801891162e-02
8.004023173998231488e-02
-1.119592968018351953e-01
-4.519347843112436758e-01
-4.997971148987179202e-02
-8.794195787661881480e-01
-8.416137495690197978e-01
-8.785392520910851877e-01
-1.026877772955155921e+00
-1.032154340158224937e+00
-9.890719437579875706e-01
-8.407334228939168375e-01
-9.943485109610566974e-01
-7.691328591143613558e-01
-2.743889782985573511e-01
-1.010273684766922475e+00
-9.097018971838333190e-01
-1.278698049462621000e+00
-4.149580163680293698e-01
-5.155298039511183594e-01
-7.839541686468169956e-01
4.854309828093411605e-01
2.732908436169984023e-01
-1.809182425070181288e-01
-1.377908788527874295e-01
-2.987722750570143693e-01
-3.499310180451301600e-01
-3.930583816993609148e-01
-5.109124142493570719e-01
