7.547557542045309376e+00
6.463330951962116266e+00
7.900511875304034426e+00
6.640426127056081818e+00
7.631281279041966847e+00
7.497936622695302589e+00
7.451928945867904552e+00
6.100441668576824128e+00
7.005188414075195880e+00
7.992945814192978560e+00
7.189387083104060494e+00
7.826274591708330952e+00
7.452040130049734756e+00
7.707458918787048141e+00
7.977590796483069902e+00
7.498643766890017659e+00
7.687591492709302976e+00
6.871580983961105282e+00
7.332839126656705453e+00
7.112558072461595771e+00
7.684373606252048461e+00
7.351750552690127449e+00
6.239244307702707104e+00
6.321676089962220857e+00
7.492819127544572133e+00
7.112925571941735470e+00
6.929478729569481743e+00
6.407638920042707298e+00
7.195474598858990767e+00
6.622905339990399654e+00
