8.993742403756058934e+00 6.200000000000000178e+00 9.050000000000000711e+00
5.518713440998083364e+00 5.730000000000000426e+00 3.100000000000000089e+00
4.073016718261524005e+00 7.150000000000000355e+00 3.930000000000000160e+00
3.199423400458928146e+00 6.290000000000000036e+00 7.740000000000000213e+00
6.024587068528560962e+00 1.413000000000000078e+01 1.551999999999999957e+01
3.756084388960783560e+00 6.990000000000000213e+00 8.950000000000001066e+00
5.720653634919078634e+00 8.359999999999999432e+00 8.529999999999999361e+00
6.116684810154028540e+00 5.259999999999999787e+00 5.370000000000000107e+00
5.343877011786807962e+00 6.650000000000000355e+00 3.240000000000000213e+00
7.194076403043586865e+00 2.198000000000000043e+01 1.728999999999999915e+01
5.495203818659104122e+00 6.030000000000000249e+00 2.370000000000000107e+00
1.190042958426840336e+01 9.009999999999999787e+00 3.790000000000000036e+00
6.455489682522562056e+00 8.550000000000000711e+00 4.230000000000000426e+00
6.926111412762407049e+00 1.392999999999999972e+01 1.118999999999999950e+01
6.368724279228329621e+00 1.282000000000000028e+01 1.239000000000000057e+01
6.034637274481406521e+00 9.290000000000000924e+00 6.070000000000000284e+00
8.187105752294737471e+00 7.230000000000000426e+00 3.510000000000000231e+00
4.916124937299743536e+00 5.339999999999999858e+00 2.689999999999999947e+00
3.942415172956921232e+00 8.359999999999999432e+00 1.157000000000000028e+01
7.848922371648241914e+00 6.009999999999999787e+00 4.589999999999999858e+00
5.693101278365033657e+00 7.860000000000000320e+00 1.076999999999999957e+01
3.361536382544091595e+00 6.089999999999999858e+00 1.055000000000000071e+01
6.666218445737563947e+00 5.020000000000000462e+00 3.750000000000000000e+00
2.941253775292436146e+00 5.320000000000000284e+00 1.020000000000000018e+00
4.557094319563643303e+00 6.209999999999999964e+00 5.620000000000000107e+00
5.252790761882474513e+00 5.639999999999999680e+00 4.240000000000000213e+00
7.933768939142214371e+00 5.959999999999999964e+00 2.740000000000000213e+00
5.998684733840801364e+00 6.030000000000000249e+00 6.770000000000000462e+00
8.898444839892023950e+00 7.429999999999999716e+00 6.530000000000000249e+00
3.616676524359907496e+00 5.060000000000000497e+00 9.100000000000000311e-01
