3.412858277129241724e+00
3.384052372060298630e+00
3.080356485904971464e+00
3.236627904914008536e+00
3.153414366039122285e+00
3.131133864918240306e+00
3.164460502610301873e+00
3.528897389773232529e+00
3.200156011665946210e+00
3.443368869138886179e+00
3.345916498979678355e+00
3.154742879315834525e+00
3.381626603894115402e+00
3.082747927644056585e+00
3.468527437401998537e+00
3.480613674833966886e+00
3.126314109328257818e+00
3.031938746977694610e+00
3.329361271075391482e+00
3.426934318878166241e+00
3.246667500458023881e+00
3.087069451819667520e+00
3.000454606022239012e+00
3.509790595630462917e+00
3.504108186363600552e+00
3.063845475272516605e+00
3.029687228289595247e+00
3.461846747433965810e+00
3.094074334667235693e+00
3.414184741660065026e+00
