7.460824433898352037e-01 6.022311015398743805e+00 8.993246240314629603e+00 4.976309264243208474e+01 -3.041384644271911686e-01 1.479073937609883815e-01
4.153456438256518113e-01 6.022870000000000168e+00 3.280180411844932475e+00 5.790198087397997995e+01 -9.915891437373040018e-01 1.869716518499400237e-01
2.413325294573836766e-01 7.263588778343728514e+00 3.823900693226318204e+00 3.981068736108345973e+01 5.966462845197860465e-02 7.072482586200310450e-01
2.138570945690539959e-01 6.383801459173685799e+00 7.843425025986319632e+00 7.440804895769949212e+01 -4.468409678804599050e-01 2.548142370578816984e-01
3.888848034171321078e-01 1.430156483207831819e+01 1.534818081822093738e+01 1.472574615929942787e+01 5.059908155901690074e-01 3.643452467213584844e-01
2.283071944141664700e-01 7.049189533980790401e+00 8.931307211874759844e+00 2.561284375703742811e+01 -1.232716783002374139e-01 6.275109870985559612e-02
3.911845502946147968e-01 8.586517751013623467e+00 8.250124313964718681e+00 7.034838316707462980e+01 -3.992860157891489070e-01 5.313825532324892853e-01
4.592807203209596234e-01 5.451815842997464578e+00 5.169050197422667026e+00 1.849165632917541657e+01 -2.315140403126471624e-01 5.530132833388493596e-01
3.767226917959599075e-01 6.373508517050161082e+00 3.490912797833359171e+00 4.311456346847452892e+01 -1.463273094239389227e+00 3.965617905651026009e-01
5.861454236336237633e-01 2.203999208553282685e+01 1.713709927924067600e+01 2.474264280467457056e+01 -6.361906421940952683e-01 1.552884311142801177e-01
4.108194208896476241e-01 5.841679613392533277e+00 2.095668303015453038e+00 3.295007949572497807e+01 3.701236968659045723e-01 3.024984487457711979e-01
7.695090503581768493e-01 8.718286164476985789e+00 3.713827054028413510e+00 2.569753012911976953e+01 1.826655328253274480e+00 2.719310111145790132e-01
4.973902094297131815e-01 8.566366193637803050e+00 4.108915416119318209e+00 3.751722662581702394e+01 1.916507747699390182e-02 5.014279549070110864e-01
4.405525204123455496e-01 1.405333891252287160e+01 1.113039648770573997e+01 3.877872891104292563e+01 -1.222641535341677244e-01 5.535328974230088184e-01
4.926666996403407106e-01 1.262155113860917588e+01 1.228832677318693456e+01 2.451843236685211380e+01 2.504252429565425042e-01 3.253817447572914801e-01
4.453263583673524040e-01 9.385913559620378877e+00 6.068400115093669278e+00 3.984428791882400844e+01 -1.550068356510418965e-01 3.612736762832221560e-01
4.749087182610562952e-01 7.377149474893447412e+00 3.492392036071847450e+00 1.583004018007478564e+01 9.850412695874283253e-01 6.902178405129051619e-02
2.838933882764410055e-01 5.298363006908823003e+00 2.713917666338483414e+00 3.808583534163845741e+01 -1.180428623432141777e-01 2.049101874656467648e-01
2.700658731600142914e-01 8.688500829740448239e+00 1.157799787322464624e+01 1.780736629581809893e+01 -1.314590213302668120e+00 4.293678498188132631e-01
5.917980594466163424e-01 6.022870000000000168e+00 4.288923084939865404e+00 9.709906138991003743e+00 6.180467224128570747e-01 4.291294965085249435e-01
3.578839115288625639e-01 8.208843955465965792e+00 1.070030577667102278e+01 3.017750454807497817e+01 -2.565560386571544282e-01 4.290884139125711871e-01
2.122927567396116211e-01 6.048751513519044387e+00 1.061368212623529672e+01 3.336102267095063922e+01 3.695203474732194349e-01 4.686776471823793644e-01
3.694967661600452313e-01 5.057722427287353106e+00 3.610380910648431474e+00 3.619296457733000949e+01 -5.760334022400275672e-02 3.256990607442232788e-01
2.320125100679824304e-01 5.043394694104644138e+00 1.103099016217866657e+00 5.623743116817112053e+01 -2.207620314417651219e-01 6.124810753800902230e-01
3.655845151023802142e-01 6.327829999999999622e+00 5.313634721891931534e+00 4.483363703752634422e+01 1.958028377937029094e-02 3.600568382052621308e-01
3.313809152859309437e-01 6.022870000000000168e+00 4.186386106408391150e+00 1.057804033437958147e+01 6.513958160284042398e-01 4.378730871257365820e-01
4.421010521749837996e-01 6.022870000000000168e+00 2.891550554001665496e+00 2.789456280658116327e+01 -1.272408596973156614e-01 3.372752214271012017e-01
5.143356028572388938e-01 5.652235775551459618e+00 6.661912734715551565e+00 1.595278171025207925e+01 -1.546549609158976435e-01 3.578795771128547298e-01
5.419235252820555626e-01 7.476696005417022839e+00 6.328522376728662024e+00 2.426104420546060680e+01 -1.546373652925491470e-02 2.660670430922904006e-01
3.313936062225058543e-01 5.013429722705125435e+00 6.302440997077369822e-01 3.336869862022296473e+01 5.080962183167259116e-01 5.762438957023898745e-01
