1.243467224739938715e+01 1.141999999999999993e+01 6.129999999999999893e+00
8.285816577299517149e+00 1.167999999999999972e+01 1.328000000000000114e+01
7.990973485376151153e+00 8.980000000000000426e+00 5.540000000000000036e+00
9.463074026856027388e+00 7.000000000000000000e+00 5.389999999999999680e+00
5.579602020239601501e+00 9.179999999999999716e+00 1.322000000000000064e+01
8.500882367237728943e+00 5.740000000000000213e+00 1.939999999999999947e+00
1.377666722215539075e+01 4.910000000000000142e+00 4.600000000000000533e+00
8.315951888686562654e+00 5.910000000000000142e+00 6.110000000000000320e+00
8.376144321931306536e+00 5.940000000000000391e+00 8.449999999999999289e+00
5.296684190803342851e+00 5.950000000000000178e+00 2.300000000000000266e+00
8.185460347496121614e+00 5.139999999999999680e+00 4.580000000000000071e+00
1.019571848620733157e+01 6.969999999999999751e+00 7.700000000000000178e+00
6.948858000156631576e+00 5.049999999999999822e+00 1.729999999999999982e+00
1.400352238290921569e+01 9.790000000000000924e+00 8.240000000000000213e+00
1.235312357667508998e+01 1.455000000000000071e+01 1.104000000000000092e+01
4.914878388060920145e+00 5.450000000000000178e+00 2.700000000000000178e+00
9.432942523624804565e+00 8.009999999999999787e+00 2.589999999999999858e+00
1.168927402224918133e+01 8.330000000000000071e+00 9.560000000000000497e+00
9.733774772512163054e+00 8.449999999999999289e+00 9.390000000000000568e+00
6.576991356251457255e+00 5.759999999999999787e+00 1.709999999999999964e+00
8.085127245209791980e+00 5.270000000000000462e+00 2.439999999999999947e+00
5.298907672714323169e+00 1.326999999999999957e+01 1.121000000000000085e+01
6.358784960329228575e+00 5.929999999999999716e+00 6.580000000000000071e+00
1.244182717010494343e+01 1.346000000000000085e+01 1.266999999999999993e+01
5.379476075225435139e+00 6.200000000000000178e+00 4.690000000000000391e+00
7.607461436573035307e+00 6.100000000000000533e+00 2.189999999999999947e+00
6.299348830730448157e+00 6.560000000000000497e+00 7.890000000000000568e+00
3.470984958320255220e+00 6.900000000000000355e+00 1.660000000000000142e+00
1.275477926052131217e+01 5.940000000000000391e+00 3.240000000000000213e+00
8.282653252793478416e+00 5.179999999999999716e+00 4.250000000000000000e+00
