3.727789736457685965e+00
4.301294126507717586e+00
3.849719765433888163e+00
3.803663274549755613e+00
4.133396488621511544e+00
3.728933406433130315e+00
3.650310664526704940e+00
3.759940576771356291e+00
3.688970467682291865e+00
3.645520909245399732e+00
4.002409175555360576e+00
3.711744164098475629e+00
4.679835053664521460e+00
3.717982225434171006e+00
3.656243650436394432e+00
4.047403608968504152e+00
3.776131276983226925e+00
3.678070234314758657e+00
5.124568132530397335e+00
3.924546236155706858e+00
4.331819718055418988e+00
4.959577559961600102e+00
4.047071392048152028e+00
3.612299923264301604e+00
3.697249664791063761e+00
4.258882446696839352e+00
4.504486493144053583e+00
3.867677190358880690e+00
3.649224333013857180e+00
3.796611077955169389e+00
