5.393964248547223894e-01 1.189648970969654407e+01 6.023349011510449991e+00 4.550300636009331612e+01 -8.382101723756052447e-01 1.707620548764456903e-01
4.758017329078893520e-01 1.168413431504792399e+01 1.366675791909285920e+01 4.004156967233656417e+01 1.982122064191019564e-02 3.723852195121126751e-01
4.212586362334937995e-01 8.641774949285940366e+00 5.595671130486465472e+00 4.632127564224614247e+01 1.122008561146963825e-02 1.672561061037361463e-01
4.158298279405116538e-01 7.128477975572288905e+00 5.605990254205350354e+00 2.741470429762916439e+01 5.081448514743129863e-01 2.307165599941714551e-01
3.012543767140675177e-01 9.444787401024445472e+00 1.331885014491760089e+01 3.768538951680594806e+01 -2.261938542167683863e+00 2.572167117268152059e-01
4.136510815136192898e-01 5.709653517426731995e+00 1.987703291463829736e+00 1.866673256356132526e+01 2.394084488621671392e-01 2.844777694181357397e-01
5.657658345189502391e-01 5.068857781015405628e+00 4.495050460889292943e+00 3.518097021959562198e+01 -1.747281522685951161e-01 1.975806830142216863e-01
3.851768730826778953e-01 5.900135335778415424e+00 6.188931844863240883e+00 3.789652268848153938e+01 -2.146925996247079915e-01 3.681951536867125729e-01
3.848211073532748494e-01 5.744839269569805396e+00 8.468084503139637675e+00 3.161843489913041338e+01 -2.457234606159907075e-01 2.336007953925106073e-01
2.260763154743858083e-01 5.952559807933898384e+00 2.311185517874545958e+00 3.856139158638502096e+01 -1.150563207411330557e+00 2.318019532582219211e-01
4.145721961654905141e-01 5.075885812563107002e+00 4.492385707622501556e+00 3.808656027810622646e+01 -9.854258695334772167e-01 4.954008855234644931e-02
4.489187650989776568e-01 7.033268434269792202e+00 7.810275814645698311e+00 4.469471890563563221e+01 5.081993983712992380e-01 1.291457283980936843e-01
4.762554921718639700e-01 5.065329377681254464e+00 1.736936286703676613e+00 1.910824633538167561e+01 5.244303462398428595e-01 2.690904019908931799e-01
6.455834569636698106e-01 9.820453139111521068e+00 8.380799837391014862e+00 1.545839239618225314e+01 -2.326214003683867437e-01 2.175612092022095045e-01
5.176010429406666669e-01 1.437317905065778945e+01 1.069148941092543303e+01 3.336270642828693411e+01 -3.466452378218868452e-02 2.375363396001475835e-02
2.551333273853432781e-01 5.569568316855090018e+00 2.668875322625101187e+00 3.817010151284751629e+01 -1.541242551713466191e-01 6.247406391303189643e-01
4.501589133537384768e-01 7.879591876928335736e+00 2.563047612030480149e+00 4.188118022120372785e+01 1.667519853130383423e+00 1.355253048218257872e-01
4.917862358869929396e-01 8.494201971202885559e+00 9.653100865794353780e+00 5.280330670418286587e+01 -4.367691249567172140e-01 3.252927033992861761e-01
8.387797146678603877e-01 8.742871857575789107e+00 9.189135479348603752e+00 5.697937450302709550e+01 -4.127238461839125572e-01 3.003800694828871465e-01
3.511837910126577866e-01 5.778577963168999965e+00 1.698310073043505675e+00 4.486191912462103204e+01 1.936659973360601791e-02 4.628458113255420336e-01
4.975969112158131202e-01 5.238695878343688328e+00 2.508450296325868578e+00 4.775703633775503221e+01 9.785001680815142988e-01 1.792266102642515180e-01
4.301534475054332174e-01 1.326490872707380220e+01 1.066650967156641627e+01 8.579649240456825510e+01 -8.715647475909147346e-01 2.169274997918689829e-01
3.642346922201966652e-01 5.807556080959851208e+00 6.688456944401433013e+00 1.020420740889285049e+01 -1.542767343049082363e-01 3.854185276912879682e-02
5.261952218393334268e-01 1.346996505047651738e+01 1.275971260276644159e+01 1.199884006576711393e+01 5.079651383051345670e-01 6.597544682226579027e-02
2.413577722030606498e-01 6.327829999999999622e+00 4.656812828387663750e+00 5.068273596570340800e+01 -3.989506603507487759e-01 5.130159880736416822e-01
4.248946603875510819e-01 6.580140550867489502e+00 2.531565693212677104e+00 3.234803377071253294e+01 -2.984758102061841334e-01 3.414432749296841818e-01
4.260638789700557649e-01 6.400477249189795437e+00 7.821252279967507270e+00 5.566703951465795797e+01 -1.681947449034728592e+00 2.885742302090305578e-01
1.783022089134239652e-01 6.599031659334158917e+00 1.782226334266222345e+00 1.766679825492904854e+01 2.456787723143056379e+00 2.558923291828423263e-01
5.622707387628561593e-01 5.871487503085974780e+00 3.273145222865612158e+00 2.514758027340824853e+01 -6.018293701223969006e-01 2.588308969288155570e-01
4.043982021548769845e-01 5.050496132363718083e+00 4.191022486438829020e+00 4.018740076464546718e+01 2.873330226244788510e-01 4.518798021026099176e-01
